id,Aktualność danych na dzień,Jednostka zarządzająca,Nazwa polska,Nazwa łacińska,Numer inwentaryzacyjny,Obwód pnia w cm,Wysokość w m,gtype,height,id,imgurl,width,x,y
AAKG9OAAFAAENzIAAI,20.06.2014,Dzielnica Wawer,sosna pospolita,Pinus sylvestris,D383246,156,17,2001,2,AAKG9OAAFAAENzIAAI,http://mapa.um.warszawa.pl/mvimages/san13/fig/752_fig_7405037_S12_2_2.png?refresh=-6991910853283636515,2,7515044.8531,5780755.1855
AAKG9OAAFAAENzIAAH,20.06.2014,Dzielnica Wawer,modrzew  sp.,Larix  sp.,D383245,85,12,2001,2,AAKG9OAAFAAENzIAAH,http://mapa.um.warszawa.pl/mvimages/san13/fig/752_fig_7405037_S11_2_2.png?refresh=3458388101607992557,2,7515043.4438,5780760.4441
AAKG9OAAFAAENyCAAE,20.06.2014,Dzielnica Wawer,głóg sp.,Crataegus sp.,D382979,57,7,2001,1,AAKG9OAAFAAENyCAAE,http://mapa.um.warszawa.pl/mvimages/san13/fig/752_fig_7405037_S14_1_1.png?refresh=-6839870901587327319,1,7515000.0827,5780853.1015
AAKG9OAAFAAENyCAAF,20.06.2014,Dzielnica Wawer,klon pospolity,Acer platanoides,D382980,136,15,2001,3,AAKG9OAAFAAENyCAAF,http://mapa.um.warszawa.pl/mvimages/san13/fig/752_fig_7405037_S1G_3_3.png?refresh=4978378942182858472,3,7515006.0291,5780856.9758
AAKG9OAAFAAENznAAV,20.06.2014,Dzielnica Wawer,klon jesionolistny,Acer negundo,D383703,123,10,2001,2,AAKG9OAAFAAENznAAV,http://mapa.um.warszawa.pl/mvimages/san13/fig/752_fig_7405037_S15_2_2.png?refresh=6704417562404484717,2,7515007.6845,5780947.8804
AAKG9OAAFAAENznAAS,20.06.2014,Dzielnica Wawer,klon pospolity,Acer platanoides,D383700,189,17,2001,3,AAKG9OAAFAAENznAAS,http://mapa.um.warszawa.pl/mvimages/san13/fig/752_fig_7405037_S1A_3_3.png?refresh=-4363971877148002515,3,7515020.4561,5780946.3355
AAKG9OAAFAAENznAAT,20.06.2014,Dzielnica Wawer,klon jesionolistny,Acer negundo,D383701,191,12,2001,4,AAKG9OAAFAAENznAAT,http://mapa.um.warszawa.pl/mvimages/san13/fig/752_fig_7405037_S1H_4_4.png?refresh=-1037580778959350151,4,7515024.4601,5780957.3937
AAKG9OAAFAAENznAAU,20.06.2014,Dzielnica Wawer,klon pospolity,Acer platanoides,D383702,47,10,2001,1,AAKG9OAAFAAENznAAU,http://mapa.um.warszawa.pl/mvimages/san13/fig/752_fig_7405037_S1C_1_1.png?refresh=-1679979438155464010,1,7515025.1477,5780961.7897
AAKG9OAAFAAENznAAR,20.06.2014,Dzielnica Wawer,klon pospolity,Acer platanoides,D383699,127,15,2001,3,AAKG9OAAFAAENznAAR,http://mapa.um.warszawa.pl/mvimages/san13/fig/752_fig_7405037_S16_3_3.png?refresh=-8427407119702148711,3,7515028.2912,5780951.7583
AAKG9OAAFAAENznAAQ,20.06.2014,Dzielnica Wawer,klon  sp.,Acer  sp.,D383698,159,18,2001,4,AAKG9OAAFAAENznAAQ,http://mapa.um.warszawa.pl/mvimages/san13/fig/752_fig_7405037_S17_4_4.png?refresh=4865619359870295193,4,7515035.1799,5780957.9064
AAKG9OAAFAAENyCAAG,20.06.2014,Dzielnica Wawer,wiśnia  sp.,Prunus  sp.(wiśnia),D382981,45,7,2001,1,AAKG9OAAFAAENyCAAG,http://mapa.um.warszawa.pl/mvimages/san13/fig/752_fig_7405037_S14_1_1.png,1,7515036.92,5780875.1876
AAKG9OAAFAAENznAAO,20.06.2014,Dzielnica Wawer,klon jesionolistny,Acer negundo,D383696,140,11,2001,3,AAKG9OAAFAAENznAAO,http://mapa.um.warszawa.pl/mvimages/san13/fig/752_fig_7405037_S1A_3_3.png,3,7515041.9371,5780969.1013
AAKG9OAAFAAENznAAP,20.06.2014,Dzielnica Wawer,klon pospolity,Acer platanoides,D383697,136,18,2001,3,AAKG9OAAFAAENznAAP,http://mapa.um.warszawa.pl/mvimages/san13/fig/752_fig_7405037_S1A_3_3.png,3,7515043.4601,5780962.0406
AAKG9OAAFAAENzzAAI,20.06.2014,Zarząd Zieleni m.st. Warszawy,klon srebrzysty,Acer saccharinum,D383713,122,12,2001,3,AAKG9OAAFAAENzzAAI,http://mapa.um.warszawa.pl/mvimages/san13/fig/752_fig_7405037_S10_3_3.png?refresh=6987994206787285485,3,7514952.6771,5781114.3062
AAKG9OAAFAAENzzAAP,20.06.2014,Zarząd Zieleni m.st. Warszawy,topola  sp.,Populus  sp.,D383720,173,19,2001,3,AAKG9OAAFAAENzzAAP,http://mapa.um.warszawa.pl/mvimages/san13/fig/752_fig_7405038_S16_3_3.png?refresh=-9117903701149590005,3,7514954.9084,5781128.5199
AAKG9OAAFAAENzzAAJ,20.06.2014,Zarząd Zieleni m.st. Warszawy,klon srebrzysty,Acer saccharinum,D383714,54,8,2001,2,AAKG9OAAFAAENzzAAJ,http://mapa.um.warszawa.pl/mvimages/san13/fig/752_fig_7405038_S11_2_2.png?refresh=-8493845722609290323,2,7514958.3087,5781116.7136
AAKG9OAAFAAENzzAAV,20.06.2014,Zarząd Zieleni m.st. Warszawy,klon srebrzysty,Acer saccharinum,D383726,121,13,2001,3,AAKG9OAAFAAENzzAAV,http://mapa.um.warszawa.pl/mvimages/san13/fig/752_fig_7405038_S16_3_3.png,3,7514962.7684,5781133.5169
AAKG9OAAFAAENzzAAQ,20.06.2014,Zarząd Zieleni m.st. Warszawy,klon srebrzysty,Acer saccharinum,D383721,133,12,2001,3,AAKG9OAAFAAENzzAAQ,http://mapa.um.warszawa.pl/mvimages/san13/fig/752_fig_7405038_S1A_3_3.png?refresh=-7136142850748830137,3,7514966.7815,5781121.3519
AAKG9OAAFAAENzzAAX,20.06.2014,Zarząd Zieleni m.st. Warszawy,klon srebrzysty,Acer saccharinum,D383728,159,15,2001,3,AAKG9OAAFAAENzzAAX,http://mapa.um.warszawa.pl/mvimages/san13/fig/752_fig_7405038_S16_3_3.png,3,7514967.367,5781135.3773
AAKG9OAAFAAENzzAAR,20.06.2014,Zarząd Zieleni m.st. Warszawy,klon  sp.,Acer  sp.,D383722,15,5,2001,1,AAKG9OAAFAAENzzAAR,http://mapa.um.warszawa.pl/mvimages/san13/fig/752_fig_7405038_S1F_1_1.png?refresh=-6707914431170656802,1,7514971.7196,5781124.8234
AAKG9OAAFAAENzzAAW,20.06.2014,Zarząd Zieleni m.st. Warszawy,klon srebrzysty,Acer saccharinum,D383727,120,15,2001,2,AAKG9OAAFAAENzzAAW,http://mapa.um.warszawa.pl/mvimages/san13/fig/752_fig_7405038_S15_2_2.png?refresh=-5465618351172262735,2,7514972.9448,5781138.255
AAKG9OAAFAAENzzAAS,20.06.2014,Zarząd Zieleni m.st. Warszawy,klon  sp.,Acer  sp.,D383723,121,11,2001,3,AAKG9OAAFAAENzzAAS,http://mapa.um.warszawa.pl/mvimages/san13/fig/752_fig_7405038_S1G_3_3.png?refresh=7106975908726792003,3,7514975.2004,5781126.4606
AAKG9OAAFAAENzzAAY,20.06.2014,Zarząd Zieleni m.st. Warszawy,klon srebrzysty,Acer saccharinum,D383729,160,15,2001,3,AAKG9OAAFAAENzzAAY,http://mapa.um.warszawa.pl/mvimages/san13/fig/752_fig_7405038_S10_3_3.png?refresh=14822836260457795,3,7514977.1159,5781141.3529
AAKG9OAAFAAENzzAAT,20.06.2014,Zarząd Zieleni m.st. Warszawy,klon pospolity,Acer platanoides,D383724,5,5,2001,1,AAKG9OAAFAAENzzAAT,http://mapa.um.warszawa.pl/mvimages/san13/fig/752_fig_7405038_S1E_1_1.png?refresh=-1099642121921620042,1,7514980.7782,5781129.3382
AAKG9OAAFAAENzzAAZ,20.06.2014,Zarząd Zieleni m.st. Warszawy,śliwa domowa,Prunus domestica,D383730,"33, 15, 21, 16, 14",5,2001,2,AAKG9OAAFAAENzzAAZ,http://mapa.um.warszawa.pl/mvimages/san13/fig/752_fig_7405038_S11_2_2.png,2,7514982.6477,5781145.4638
AAKG9OAAFAAENzzAAU,20.06.2014,Zarząd Zieleni m.st. Warszawy,klon srebrzysty,Acer saccharinum,D383725,115,10,2001,2,AAKG9OAAFAAENzzAAU,http://mapa.um.warszawa.pl/mvimages/san13/fig/752_fig_7405038_S12_2_2.png?refresh=9006629647501418093,2,7514985.1804,5781132.0813
AAKG9OAAFAAENzzAAa,20.06.2014,Zarząd Zieleni m.st. Warszawy,kasztanowiec pospolity,Aesculus hippocastanum,D383731,47,7,2001,1,AAKG9OAAFAAENzzAAa,http://mapa.um.warszawa.pl/mvimages/san13/fig/752_fig_7405038_S14_1_1.png?refresh=5548305042918470232,1,7514986.0399,5781147.0432
AAKG9OAAFAAENzzAAb,20.06.2014,Zarząd Zieleni m.st. Warszawy,klon srebrzysty,Acer saccharinum,D383732,114,11,2001,3,AAKG9OAAFAAENzzAAb,http://mapa.um.warszawa.pl/mvimages/san13/fig/752_fig_7405038_S10_3_3.png,3,7514995.299,5781136.9081
AAKG9OAAFAAENzzAAf,20.06.2014,Zarząd Zieleni m.st. Warszawy,topola  sp.,Populus  sp.,D383736,222,21,2001,3,AAKG9OAAFAAENzzAAf,http://mapa.um.warszawa.pl/mvimages/san13/fig/752_fig_7405038_S16_3_3.png,3,7514997.6387,5781153.0876
AAKG9OAAFAAENzzAAc,20.06.2014,Zarząd Zieleni m.st. Warszawy,klon srebrzysty,Acer saccharinum,D383733,95,10,2001,3,AAKG9OAAFAAENzzAAc,http://mapa.um.warszawa.pl/mvimages/san13/fig/752_fig_7405038_S1G_3_3.png,3,7515000.2331,5781139.998
AAKG9OAAFAAENzzAAd,20.06.2014,Zarząd Zieleni m.st. Warszawy,klon srebrzysty,Acer saccharinum,D383734,79,10,2001,2,AAKG9OAAFAAENzzAAd,http://mapa.um.warszawa.pl/mvimages/san13/fig/752_fig_7405038_S11_2_2.png,2,7515005.3757,5781143.3499
AAKG9OAAFAAENzzAAg,20.06.2014,Zarząd Zieleni m.st. Warszawy,topola  sp.,Populus  sp.,D383737,96,10,2001,1,AAKG9OAAFAAENzzAAg,http://mapa.um.warszawa.pl/mvimages/san13/fig/752_fig_7405038_S1C_1_1.png?refresh=-47609693015014976,1,7515006.8613,5781158.8027
AAKG9OAAFAAENzzAAe,20.06.2014,Zarząd Zieleni m.st. Warszawy,klon srebrzysty,Acer saccharinum,D383735,106,12,2001,3,AAKG9OAAFAAENzzAAe,http://mapa.um.warszawa.pl/mvimages/san13/fig/752_fig_7405038_S1G_3_3.png,3,7515010.6297,5781146.1429
AAKG9OAAFAAENzzAAh,20.06.2014,Zarząd Zieleni m.st. Warszawy,topola  sp.,Populus  sp.,D383738,152,16,2001,2,AAKG9OAAFAAENzzAAh,http://mapa.um.warszawa.pl/mvimages/san13/fig/752_fig_7405038_S15_2_2.png,2,7515011.605,5781161.5789
AAKG9OAAFAAENzzAAi,20.06.2014,Zarząd Zieleni m.st. Warszawy,topola  sp.,Populus  sp.,D383739,147,14,2001,2,AAKG9OAAFAAENzzAAi,http://mapa.um.warszawa.pl/mvimages/san13/fig/752_fig_7405038_S12_2_2.png,2,7515017.5943,5781164.1404
AAKG9OAAFAAENzzAAj,20.06.2014,Zarząd Zieleni m.st. Warszawy,klon srebrzysty,Acer saccharinum,D383740,131,10,2001,2,AAKG9OAAFAAENzzAAj,http://mapa.um.warszawa.pl/mvimages/san13/fig/752_fig_7405038_S12_2_2.png,2,7515029.2187,5781170.5331
AAKG9OAAFAAENz/AAS,20.06.2014,Zarząd Zieleni m.st. Warszawy,klon srebrzysty,Acer saccharinum,D383745,112,11,2001,3,AAKG9OAAFAAENz/AAS,http://mapa.um.warszawa.pl/mvimages/san13/fig/752_fig_7405038_S10_3_3.png,3,7515033.2722,5781158.0155
AAKG9OAAFAAENzzAAk,20.06.2014,Zarząd Zieleni m.st. Warszawy,klon srebrzysty,Acer saccharinum,D383741,82,9,2001,2,AAKG9OAAFAAENzzAAk,http://mapa.um.warszawa.pl/mvimages/san13/fig/752_fig_7405038_S15_2_2.png,2,7515033.3555,5781173.1506
AAKG9OAAFAAENzzAAl,20.06.2014,Zarząd Zieleni m.st. Warszawy,klon srebrzysty,Acer saccharinum,D383742,64,6,2001,1,AAKG9OAAFAAENzzAAl,http://mapa.um.warszawa.pl/mvimages/san13/fig/752_fig_7405038_S1C_1_1.png,1,7515037.4176,5781175.6403
AAKG9OAAFAAENz/AAT,20.06.2014,Zarząd Zieleni m.st. Warszawy,klon  sp.,Acer  sp.,D383746,15,5,2001,1,AAKG9OAAFAAENz/AAT,http://mapa.um.warszawa.pl/mvimages/san13/fig/752_fig_7405038_S1F_1_1.png,1,7515037.874,5781161.2519
AAKG9OAAFAAENz/AAQ,20.06.2014,Zarząd Zieleni m.st. Warszawy,klon srebrzysty,Acer saccharinum,D383743,93,9,2001,2,AAKG9OAAFAAENz/AAQ,http://mapa.um.warszawa.pl/mvimages/san13/fig/752_fig_7405038_S11_2_2.png,2,7515041.1134,5781178.2073
AAKG9OAAFAAENz/AAR,20.06.2014,Zarząd Zieleni m.st. Warszawy,klon srebrzysty,Acer saccharinum,D383744,138,15,2001,2,AAKG9OAAFAAENz/AAR,http://mapa.um.warszawa.pl/mvimages/san13/fig/752_fig_7405038_S12_2_2.png,2,7515044.7297,5781180.1697
AAKG9OAAnAAHzFKAAW,20.06.2014,Dzielnica Wawer,lipa drobnolistna,Tilia cordata,D381631,96,11,2001,2,AAKG9OAAnAAHzFKAAW,http://mapa.um.warszawa.pl/mvimages/san13/fig/752_fig_7405038_S11_2_2.png,2,7514918.4936,5781557.7101
AAKG9OAAnAAHzFKAAV,20.06.2014,Dzielnica Wawer,klon jesionolistny,Acer negundo,D381630,"20, 19, 13",5,2001,1,AAKG9OAAnAAHzFKAAV,http://mapa.um.warszawa.pl/mvimages/san13/fig/752_fig_7405038_S1F_1_1.png,1,7514921.0129,5781546.4136
AAKG9OAAnAAHzFKAAT,20.06.2014,Dzielnica Wawer,jesion wyniosły,Fraxinus excelsior,D381628,80,8,2001,1,AAKG9OAAnAAHzFKAAT,http://mapa.um.warszawa.pl/mvimages/san13/fig/752_fig_7405038_S1C_1_1.png,1,7514924.5074,5781527.2343
AAKG9OAAFAAENz7AAI,20.06.2014,Dzielnica Wawer,klon jawor,Acer pseudoplatanus,D382644,129,11,2001,1,AAKG9OAAFAAENz7AAI,http://mapa.um.warszawa.pl/mvimages/san13/fig/752_fig_7405038_S1C_1_1.png,1,7514925.182,5781627.7938
AAKG9OAAnAAHzFKAAU,20.06.2014,Dzielnica Wawer,topola czarna,Populus nigra,D381629,127,8,2001,1,AAKG9OAAnAAHzFKAAU,http://mapa.um.warszawa.pl/mvimages/san13/fig/752_fig_7405038_S14_1_1.png,1,7514928.7334,5781523.3333
AAKG9OAAnAAHzFKAAY,20.06.2014,Dzielnica Wawer,jesion wyniosły,Fraxinus excelsior,D381633,75,8,2001,1,AAKG9OAAnAAHzFKAAY,http://mapa.um.warszawa.pl/mvimages/san13/fig/752_fig_7405038_S14_1_1.png,1,7514936.4636,5781517.3669
AAKG9OAAnAAHzFKAAZ,20.06.2014,Dzielnica Wawer,jesion wyniosły,Fraxinus excelsior,D381634,106,11,2001,1,AAKG9OAAnAAHzFKAAZ,http://mapa.um.warszawa.pl/mvimages/san13/fig/752_fig_7405038_S1C_1_1.png,1,7514942.2608,5781518.6129
AAKG9OAAFAAENz7AAJ,20.06.2014,Dzielnica Wawer,klon jawor,Acer pseudoplatanus,D382645,136,11,2001,2,AAKG9OAAFAAENz7AAJ,http://mapa.um.warszawa.pl/mvimages/san13/fig/752_fig_7405038_S15_2_2.png,2,7514950.7937,5781632.8738
AAKG9OAAnAAHxCVAAf,21.08.2015,Dzielnica Wawer,** nieokreślony **,**,D419866,,,2001,1,AAKG9OAAnAAHxCVAAf,http://mapa.um.warszawa.pl/mvimages/san13/fig/752_fig_7405038_S1D_1_1.png?refresh=-6228766980275002270,1,7514950.7937,5781632.8738
AAKG9OAAnAAHzFKAAa,20.06.2014,Dzielnica Wawer,sumak octowiec,Rhus typhina,D381636,"17, 14, 12",3,2001,1,AAKG9OAAnAAHzFKAAa,http://mapa.um.warszawa.pl/mvimages/san13/fig/752_fig_7405038_S1F_1_1.png,1,7514957.8983,5781521.2067
AAKG9OAAnAAHzFKAAb,20.06.2014,Dzielnica Wawer,sumak octowiec,Rhus typhina,D381637,26,4,2001,1,AAKG9OAAnAAHzFKAAb,http://mapa.um.warszawa.pl/mvimages/san13/fig/752_fig_7405038_S1B_1_1.png?refresh=3856849432811876286,1,7514960.0113,5781522.4257
AAKG9OAAnAAHzFKAAc,20.06.2014,Dzielnica Wawer,lipa drobnolistna,Tilia cordata,D381639,20,3,2001,1,AAKG9OAAnAAHzFKAAc,http://mapa.um.warszawa.pl/mvimages/san13/fig/752_fig_7405038_S1F_1_1.png,1,7514963.9867,5781530.3834
AAKG9OAAnAAHzFKAAd,20.06.2014,Dzielnica Wawer,lipa drobnolistna,Tilia cordata,D381640,21,3,2001,1,AAKG9OAAnAAHzFKAAd,http://mapa.um.warszawa.pl/mvimages/san13/fig/752_fig_7405038_S1F_1_1.png,1,7514965.8288,5781530.6543
AAKG9OAAFAAENz7AAL,20.06.2014,Dzielnica Wawer,klon srebrzysty,Acer saccharinum,D382647,135,18,2001,2,AAKG9OAAFAAENz7AAL,http://mapa.um.warszawa.pl/mvimages/san13/fig/752_fig_7405038_S12_2_2.png,2,7514966.4571,5781636.3663
AAKG9OAAnAAHzFKAAe,20.06.2014,Dzielnica Wawer,klon  sp.,Acer  sp.,D381641,18,3,2001,1,AAKG9OAAnAAHzFKAAe,http://mapa.um.warszawa.pl/mvimages/san13/fig/752_fig_7405038_S1E_1_1.png,1,7514968.1043,5781531.3586
AAKG9OAAFAAENz7AAM,20.06.2014,Dzielnica Wawer,klon jesionolistny,Acer negundo,D382648,114,8,2001,1,AAKG9OAAFAAENz7AAM,http://mapa.um.warszawa.pl/mvimages/san13/fig/752_fig_7405038_S1C_1_1.png,1,7514974.3945,5781637.7422
AAKG9OAAFAAENz7AAN,20.06.2014,Dzielnica Wawer,jarząb pospolity ,Sorbus aucuparia,D382649,28,7,2001,1,AAKG9OAAFAAENz7AAN,http://mapa.um.warszawa.pl/mvimages/san13/fig/752_fig_7405038_S1B_1_1.png,1,7514980.1097,5781639.3297
AAKG9OAAnAAHzFKAAg,20.06.2014,Dzielnica Wawer,klon srebrzysty,Acer saccharinum,D381643,92,10,2001,2,AAKG9OAAnAAHzFKAAg,http://mapa.um.warszawa.pl/mvimages/san13/fig/752_fig_7405038_S11_2_2.png,2,7514989.5593,5781535.6929
AAKG9OAAnAAHzFKAAf,20.06.2014,Dzielnica Wawer,klon srebrzysty,Acer saccharinum,D381642,108,12,2001,2,AAKG9OAAnAAHzFKAAf,http://mapa.um.warszawa.pl/mvimages/san13/fig/752_fig_7405038_S15_2_2.png,2,7514990.3178,5781528.758
AAKG9OAAnAAHzFKAAh,20.06.2014,Dzielnica Wawer,klon srebrzysty,Acer saccharinum,D381644,108,12,2001,2,AAKG9OAAnAAHzFKAAh,http://mapa.um.warszawa.pl/mvimages/san13/fig/752_fig_7405038_S15_2_2.png,2,7514996.0066,5781537.3183
AAKG9OAAFAAENz7AAO,20.06.2014,Dzielnica Wawer,klon pospolity,Acer platanoides,D382650,24,3,2001,1,AAKG9OAAFAAENz7AAO,http://mapa.um.warszawa.pl/mvimages/san13/fig/752_fig_7405038_S1F_1_1.png,1,7514997.8897,5781643.0338
AAKG9OAAnAAHzFKAAi,20.06.2014,Dzielnica Wawer,topola czarna,Populus nigra,D381645,114,11,2001,2,AAKG9OAAnAAHzFKAAi,http://mapa.um.warszawa.pl/mvimages/san13/fig/752_fig_7405038_S15_2_2.png,2,7515002.6708,5781538.4559
AAKG9OAAnAAHzFWAAT,20.06.2014,Dzielnica Wawer,klon srebrzysty,Acer saccharinum,D381646,81,11,2001,1,AAKG9OAAnAAHzFWAAT,http://mapa.um.warszawa.pl/mvimages/san13/fig/752_fig_7405038_S1C_1_1.png,1,7515008.522,5781539.648
AAKG9OAAnAAHzFWAAU,20.06.2014,Dzielnica Wawer,klon srebrzysty,Acer saccharinum,D381647,"95, 57",11,2001,1,AAKG9OAAnAAHzFWAAU,http://mapa.um.warszawa.pl/mvimages/san13/fig/752_fig_7405038_S14_1_1.png,1,7515014.3734,5781540.569
AAKG9OAAnAAHzF9AAA,20.06.2014,Dzielnica Wawer,klon srebrzysty,Acer saccharinum,D381595,155,11,2001,2,AAKG9OAAnAAHzF9AAA,http://mapa.um.warszawa.pl/mvimages/san13/fig/752_fig_7405038_S15_2_2.png,2,7515028.5544,5781543.7208
AAKG9OAAFAAENz/AAh,20.06.2014,Zarząd Zieleni m.st. Warszawy,klon srebrzysty,Acer saccharinum,D383760,"145, 152",15,2001,3,AAKG9OAAFAAENz/AAh,http://mapa.um.warszawa.pl/mvimages/san13/fig/752_fig_7405038_S10_3_3.png,3,7514861.5112,5781062.4559
AAKG9OAAFAAENz/AAk,20.06.2014,Zarząd Zieleni m.st. Warszawy,klon  sp.,Acer  sp.,D383763,15,6,2001,1,AAKG9OAAFAAENz/AAk,http://mapa.um.warszawa.pl/mvimages/san13/fig/752_fig_7405038_S1E_1_1.png,1,7514867.3712,5781064.9491
AAKG9OAAFAAENz/AAl,20.06.2014,Zarząd Zieleni m.st. Warszawy,klon srebrzysty,Acer saccharinum,D383764,99,15,2001,3,AAKG9OAAFAAENz/AAl,http://mapa.um.warszawa.pl/mvimages/san13/fig/752_fig_7405038_S10_3_3.png,3,7514883.5499,5781075.3052
AAKG9OAAFAAENz/AAm,20.06.2014,Zarząd Zieleni m.st. Warszawy,klon srebrzysty,Acer saccharinum,D383765,128,14,2001,3,AAKG9OAAFAAENz/AAm,http://mapa.um.warszawa.pl/mvimages/san13/fig/752_fig_7405038_S10_3_3.png,3,7514888.7194,5781079.1485
AAKG9OAAFAAENzAAAA,20.06.2014,Zarząd Zieleni m.st. Warszawy,klon srebrzysty,Acer saccharinum,D383766,164,15,2001,2,AAKG9OAAFAAENzAAAA,http://mapa.um.warszawa.pl/mvimages/san13/fig/752_fig_7405038_S12_2_2.png,2,7514893.435,5781081.6536
AAKG9OAAFAAENzXAAY,20.06.2014,Dzielnica Wawer,lipa drobnolistna,Tilia cordata,D383643,68,11,2001,2,AAKG9OAAFAAENzXAAY,http://mapa.um.warszawa.pl/mvimages/san13/fig/752_fig_7405038_S12_2_2.png,2,7514897.7562,5780881.3559
AAKG9OAAFAAENzAAAB,20.06.2014,Zarząd Zieleni m.st. Warszawy,klon srebrzysty,Acer saccharinum,D383767,131,16,2001,3,AAKG9OAAFAAENzAAAB,http://mapa.um.warszawa.pl/mvimages/san13/fig/752_fig_7405038_S1G_3_3.png,3,7514899.8731,5781084.7131
AAKG9OAAFAAENzAAAF,20.06.2014,Zarząd Zieleni m.st. Warszawy,klon srebrzysty,Acer saccharinum,D383771,180,15,2001,3,AAKG9OAAFAAENzAAAF,http://mapa.um.warszawa.pl/mvimages/san13/fig/752_fig_7405038_S1A_3_3.png,3,7514907.5432,5781100.4192
AAKG9OAAFAAENzAAAC,20.06.2014,Zarząd Zieleni m.st. Warszawy,klon pospolity,Acer platanoides,D383768,15,5,2001,1,AAKG9OAAFAAENzAAAC,http://mapa.um.warszawa.pl/mvimages/san13/fig/752_fig_7405038_S1F_1_1.png,1,7514909.1969,5781090.0324
AAKG9OAAFAAENzAAAG,20.06.2014,Zarząd Zieleni m.st. Warszawy,klon srebrzysty,Acer saccharinum,D383772,130,14,2001,3,AAKG9OAAFAAENzAAAG,http://mapa.um.warszawa.pl/mvimages/san13/fig/752_fig_7405038_S1G_3_3.png,3,7514911.8393,5781102.8404
AAKG9OAAFAAENzAAAD,20.06.2014,Zarząd Zieleni m.st. Warszawy,klon  sp.,Acer  sp.,D383769,14,5,2001,1,AAKG9OAAFAAENzAAAD,http://mapa.um.warszawa.pl/mvimages/san13/fig/752_fig_7405038_S1F_1_1.png,1,7514912.7586,5781091.6908
AAKG9OAAFAAENzAAAH,20.06.2014,Zarząd Zieleni m.st. Warszawy,klon srebrzysty,Acer saccharinum,D383773,130,11,2001,2,AAKG9OAAFAAENzAAAH,http://mapa.um.warszawa.pl/mvimages/san13/fig/752_fig_7405038_S15_2_2.png,2,7514916.158,5781106.2808
AAKG9OAAFAAENzAAAE,20.06.2014,Zarząd Zieleni m.st. Warszawy,klon srebrzysty,Acer saccharinum,D383770,113,8,2001,2,AAKG9OAAFAAENzAAAE,http://mapa.um.warszawa.pl/mvimages/san13/fig/752_fig_7405038_S15_2_2.png,2,7514917.8035,5781094.1264
AAKG9OAAFAAENzXAAX,20.06.2014,Dzielnica Wawer,klon  sp.,Acer  sp.,D383642,200,16,2001,4,AAKG9OAAFAAENzXAAX,http://mapa.um.warszawa.pl/mvimages/san13/fig/752_fig_7405038_S13_4_4.png?refresh=-4452174746042554985,4,7514918.0295,5780884.2145
AAKG9OAAFAAENznAAZ,20.06.2014,Zarząd Zieleni m.st. Warszawy,klon srebrzysty,Acer saccharinum,D383707,75,10,2001,3,AAKG9OAAFAAENznAAZ,http://mapa.um.warszawa.pl/mvimages/san13/fig/752_fig_7405038_S1G_3_3.png,3,7514922.1154,5781108.282
AAKG9OAAFAAENyQAAh,20.06.2014,Dzielnica Wawer,klon jesionolistny,Acer negundo,D383640,106,13,2001,2,AAKG9OAAFAAENyQAAh,http://mapa.um.warszawa.pl/mvimages/san13/fig/752_fig_7405038_S12_2_2.png,2,7514925.3138,5780896.9434
AAKG9OAAFAAENznAAa,20.06.2014,Zarząd Zieleni m.st. Warszawy,klon srebrzysty,Acer saccharinum,D383708,143,11,2001,3,AAKG9OAAFAAENznAAa,http://mapa.um.warszawa.pl/mvimages/san13/fig/752_fig_7405038_S10_3_3.png,3,7514925.6927,5781110.74
AAKG9OAAFAAENzXAAW,20.06.2014,Dzielnica Wawer,klon  sp.,Acer  sp.,D383641,200,19,2001,4,AAKG9OAAFAAENzXAAW,http://mapa.um.warszawa.pl/mvimages/san13/fig/752_fig_7405038_S17_4_4.png?refresh=3974130378980905943,4,7514927.4483,5780889.879
AAKG9OAAFAAENzzAAE,20.06.2014,Zarząd Zieleni m.st. Warszawy,klon srebrzysty,Acer saccharinum,D383709,135,13,2001,3,AAKG9OAAFAAENzzAAE,http://mapa.um.warszawa.pl/mvimages/san13/fig/752_fig_7405038_S16_3_3.png,3,7514928.6695,5781100.5524
AAKG9OAAFAAENyQAAf,20.06.2014,Dzielnica Wawer,klon pospolity,Acer platanoides,D383638,217,18,2001,4,AAKG9OAAFAAENyQAAf,http://mapa.um.warszawa.pl/mvimages/san13/fig/752_fig_7405038_S17_4_4.png,4,7514934.0934,5780896.3006
AAKG9OAAFAAENyQAAg,20.06.2014,Dzielnica Wawer,lipa drobnolistna,Tilia cordata,D383639,"96, 30",14,2001,3,AAKG9OAAFAAENyQAAg,http://mapa.um.warszawa.pl/mvimages/san13/fig/752_fig_7405038_S1A_3_3.png,3,7514934.118,5780890.1411
AAKG9OAAFAAENzzAAF,20.06.2014,Zarząd Zieleni m.st. Warszawy,klon srebrzysty,Acer saccharinum,D383710,86,10,2001,2,AAKG9OAAFAAENzzAAF,http://mapa.um.warszawa.pl/mvimages/san13/fig/752_fig_7405038_S11_2_2.png,2,7514938.4373,5781105.5297
AAKG9OAAFAAENzzAAG,20.06.2014,Zarząd Zieleni m.st. Warszawy,klon srebrzysty,Acer saccharinum,D383711,65,8,2001,1,AAKG9OAAFAAENzzAAG,http://mapa.um.warszawa.pl/mvimages/san13/fig/752_fig_7405038_S1C_1_1.png,1,7514943.3407,5781108.4731
AAKG9OAAFAAENzzAAH,20.06.2014,Zarząd Zieleni m.st. Warszawy,klon srebrzysty,Acer saccharinum,D383712,88,11,2001,3,AAKG9OAAFAAENzzAAH,http://mapa.um.warszawa.pl/mvimages/san13/fig/752_fig_7405038_S1G_3_3.png,3,7514948.4752,5781111.062
AAKG9OAAFAAENyQAAe,20.06.2014,Dzielnica Wawer,klon pospolity,Acer platanoides,D383637,103,13,2001,3,AAKG9OAAFAAENyQAAe,http://mapa.um.warszawa.pl/mvimages/san13/fig/752_fig_7405038_S10_3_3.png,3,7514948.9958,5780911.3345
AAKG9OAAFAAENyQAAd,20.06.2014,Dzielnica Wawer,klon  sp.,Acer  sp.,D383636,173,17,2001,3,AAKG9OAAFAAENyQAAd,http://mapa.um.warszawa.pl/mvimages/san13/fig/752_fig_7405038_S16_3_3.png,3,7514961.1117,5780910.9663
AAKG9OAAFAAENyQAAc,20.06.2014,Dzielnica Wawer,klon  sp.,Acer  sp.,D383635,142,15,2001,3,AAKG9OAAFAAENyQAAc,http://mapa.um.warszawa.pl/mvimages/san13/fig/752_fig_7405038_S10_3_3.png,3,7514969.7738,5780916.0424
AAKG9OAAFAAENyQAAb,20.06.2014,Dzielnica Wawer,klon  sp.,Acer  sp.,D383634,174,16,2001,4,AAKG9OAAFAAENyQAAb,http://mapa.um.warszawa.pl/mvimages/san13/fig/752_fig_7405038_S17_4_4.png,4,7514978.2999,5780920.7446
AAKG9OAAFAAENznAAY,20.06.2014,Dzielnica Wawer,klon pospolity,Acer platanoides,D383706,175,18,2001,4,AAKG9OAAFAAENznAAY,http://mapa.um.warszawa.pl/mvimages/san13/fig/752_fig_7405038_S17_4_4.png,4,7514986.2352,5780926.3985
AAKG9OAAFAAENznAAX,20.06.2014,Dzielnica Wawer,klon jesionolistny,Acer negundo,D383705,96,10,2001,2,AAKG9OAAFAAENznAAX,http://mapa.um.warszawa.pl/mvimages/san13/fig/752_fig_7405038_S11_2_2.png,2,7514991.3375,5780937.225
AAKG9OAAFAAENznAAW,20.06.2014,Dzielnica Wawer,klon jesionolistny,Acer negundo,D383704,120,11,2001,3,AAKG9OAAFAAENznAAW,http://mapa.um.warszawa.pl/mvimages/san13/fig/752_fig_7405038_S1G_3_3.png,3,7514999.9628,5780942.7683
AAKG9OAAFAAENyEAAQ,20.06.2014,Dzielnica Wawer,modrzew europejski,Larix decidua,D383601,60,9,2001,1,AAKG9OAAFAAENyEAAQ,http://mapa.um.warszawa.pl/mvimages/san13/fig/752_fig_7405038_S1C_1_1.png,1,7514860.3645,5780857.1431
AAKG9OAAFAAENyEAAN,20.06.2014,Dzielnica Wawer,modrzew europejski,Larix decidua,D383598,91,16,2001,2,AAKG9OAAFAAENyEAAN,http://mapa.um.warszawa.pl/mvimages/san13/fig/752_fig_7405038_S12_2_2.png,2,7514863.6641,5780863.788
AAKG9OAAFAAENyEAAO,20.06.2014,Dzielnica Wawer,sosna pospolita,Pinus sylvestris,D383599,91,12,2001,1,AAKG9OAAFAAENyEAAO,http://mapa.um.warszawa.pl/mvimages/san13/fig/752_fig_7405038_S1C_1_1.png,1,7514866.2622,5780849.841
AAKG9OAAFAAENyEAAM,20.06.2014,Dzielnica Wawer,modrzew europejski,Larix decidua,D383597,66,11,2001,2,AAKG9OAAFAAENyEAAM,http://mapa.um.warszawa.pl/mvimages/san13/fig/752_fig_7405038_S11_2_2.png,2,7514866.6515,5780861.0627
AAKG9OAAFAAENzzAAC,20.06.2014,Dzielnica Wawer,robinia  sp.,Robinia  sp.,D383200,157,11,2001,3,AAKG9OAAFAAENzzAAC,http://mapa.um.warszawa.pl/mvimages/san13/fig/752_fig_7405038_S1G_3_3.png,3,7514870.212,5780767.3144
AAKG9OAAFAAENyEAAI,20.06.2014,Dzielnica Wawer,dąb szypułkowy,Quercus robur,D383593,213,22,2001,5,AAKG9OAAFAAENyEAAI,http://mapa.um.warszawa.pl/mvimages/san13/fig/752_fig_7405038_S1I_5_5.png?refresh=-1113727644535045437,5,7514876.5841,5780854.602
AAKG9OAAFAAENyEAAH,20.06.2014,Dzielnica Wawer,dąb szypułkowy,Quercus robur,D383592,243,22,2001,5,AAKG9OAAFAAENyEAAH,http://mapa.um.warszawa.pl/mvimages/san13/fig/752_fig_7405038_S1I_5_5.png,5,7514876.691,5780856.1594
AAKG9OAAFAAENyEAAG,20.06.2014,Dzielnica Wawer,dąb szypułkowy,Quercus robur,D383591,270,21,2001,5,AAKG9OAAFAAENyEAAG,http://mapa.um.warszawa.pl/mvimages/san13/fig/752_fig_7405038_S19_5_5.png?refresh=383255574810618980,5,7514879.3185,5780854.6164
AAKG9OAAFAAENyEAAJ,20.06.2014,Dzielnica Wawer,robinia  sp.,Robinia  sp.,D383594,196,19,2001,3,AAKG9OAAFAAENyEAAJ,http://mapa.um.warszawa.pl/mvimages/san13/fig/752_fig_7405038_S1G_3_3.png,3,7514886.3165,5780844.894
AAKG9OAAFAAENzXAAc,20.06.2014,Dzielnica Wawer,klon pospolity,Acer platanoides,D383647,16,4,2001,1,AAKG9OAAFAAENzXAAc,http://mapa.um.warszawa.pl/mvimages/san13/fig/752_fig_7405038_S1F_1_1.png,1,7514886.902,5780873.521
AAKG9OAAFAAENyEAAF,20.06.2014,Dzielnica Wawer,klon pospolity,Acer platanoides,D383590,148,18,2001,4,AAKG9OAAFAAENyEAAF,http://mapa.um.warszawa.pl/mvimages/san13/fig/752_fig_7405038_S1H_4_4.png?refresh=3882946806094345816,4,7514887.506,5780865.4825
AAKG9OAAFAAENzzAAD,20.06.2014,Dzielnica Wawer,robinia  sp.,Robinia  sp.,D383201,181,15,2001,3,AAKG9OAAFAAENzzAAD,http://mapa.um.warszawa.pl/mvimages/san13/fig/752_fig_7405038_S1G_3_3.png,3,7514887.5471,5780778.1196
AAKG9OAAFAAENyEAAK,20.06.2014,Dzielnica Wawer,robinia  sp.,Robinia  sp.,D383595,134,20,2001,3,AAKG9OAAFAAENyEAAK,http://mapa.um.warszawa.pl/mvimages/san13/fig/752_fig_7405038_S10_3_3.png,3,7514892.9698,5780833.322
AAKG9OAAFAAENzXAAb,20.06.2014,Dzielnica Wawer,klon pospolity,Acer platanoides,D383646,142,17,2001,3,AAKG9OAAFAAENzXAAb,http://mapa.um.warszawa.pl/mvimages/san13/fig/752_fig_7405038_S16_3_3.png,3,7514893.0169,5780869.2413
AAKG9OAAFAAENzXAAZ,20.06.2014,Dzielnica Wawer,jarząb pospolity ,Sorbus aucuparia,D383644,12,5,2001,1,AAKG9OAAFAAENzXAAZ,http://mapa.um.warszawa.pl/mvimages/san13/fig/752_fig_7405038_S1B_1_1.png,1,7514895.3147,5780877.9594
AAKG9OAAFAAENz7AAZ,20.06.2014,Dzielnica Wawer,sosna pospolita,Pinus sylvestris,D383202,123,17,2001,2,AAKG9OAAFAAENz7AAZ,http://mapa.um.warszawa.pl/mvimages/san13/fig/752_fig_7405038_S15_2_2.png,2,7514897.0369,5780789.3186
AAKG9OAAFAAENzXAAa,20.06.2014,Dzielnica Wawer,klon  sp.,Acer  sp.,D383645,32,18,2001,5,AAKG9OAAFAAENzXAAa,http://mapa.um.warszawa.pl/mvimages/san13/fig/752_fig_7405038_S19_5_5.png,5,7514902.053,5780874.1808
AAKG9OAAFAAENyEAAL,20.06.2014,Dzielnica Wawer,brzoza brodawkowata,Betula pendula,D383596,155,16,2001,3,AAKG9OAAFAAENyEAAL,http://mapa.um.warszawa.pl/mvimages/san13/fig/752_fig_7405038_S16_3_3.png,3,7514909.942,5780821.351
AAKG9OAAFAAENzvAAj,20.06.2014,Dzielnica Wawer,robinia  sp.,Robinia  sp.,D383192,119,12,2001,2,AAKG9OAAFAAENzvAAj,http://mapa.um.warszawa.pl/mvimages/san13/fig/752_fig_7405038_S15_2_2.png,2,7514912.9655,5780801.4855
AAKG9OAAFAAENzvAAi,20.06.2014,Dzielnica Wawer,robinia  sp.,Robinia  sp.,D383191,129,13,2001,2,AAKG9OAAFAAENzvAAi,http://mapa.um.warszawa.pl/mvimages/san13/fig/752_fig_7405038_S12_2_2.png,2,7514927.3634,5780792.7301
AAKG9OAAFAAENyYAAW,20.06.2014,Dzielnica Wawer,robinia  sp.,Robinia  sp.,D383070,186,13,2001,3,AAKG9OAAFAAENyYAAW,http://mapa.um.warszawa.pl/mvimages/san13/fig/752_fig_7405038_S1G_3_3.png,3,7514929.7624,5780788.8008
AAKG9OAAFAAENzzAAB,20.06.2014,Dzielnica Wawer,śliwa  sp.,Prunus  sp.(śliwa),D383199,"28, 30, 32, 27",4,2001,1,AAKG9OAAFAAENzzAAB,http://mapa.um.warszawa.pl/mvimages/san13/fig/752_fig_7405038_S1C_1_1.png,1,7514933.8292,5780796.8641
AAKG9OAAFAAENyYAAV,20.06.2014,Dzielnica Wawer,robinia  sp.,Robinia  sp.,D383069,132,12,2001,2,AAKG9OAAFAAENyYAAV,http://mapa.um.warszawa.pl/mvimages/san13/fig/752_fig_7405038_S15_2_2.png,2,7514937.2159,5780777.9136
AAKG9OAAFAAENyYAAU,20.06.2014,Dzielnica Wawer,jarząb pospolity ,Sorbus aucuparia,D383068,28,5,2001,1,AAKG9OAAFAAENyYAAU,http://mapa.um.warszawa.pl/mvimages/san13/fig/752_fig_7405038_S1F_1_1.png,1,7514941.2291,5780770.6298
AAKG9OAAFAAENyYAAT,20.06.2014,Dzielnica Wawer,jarząb pospolity ,Sorbus aucuparia,D383067,23,5,2001,1,AAKG9OAAFAAENyYAAT,http://mapa.um.warszawa.pl/mvimages/san13/fig/752_fig_7405038_S1F_1_1.png,1,7514943.7436,5780767.0192
AAKG9OAAFAAENzvAAk,20.06.2014,Dzielnica Wawer,kasztanowiec pospolity,Aesculus hippocastanum,D383193,121,12,2001,3,AAKG9OAAFAAENzvAAk,http://mapa.um.warszawa.pl/mvimages/san13/fig/752_fig_7405038_S1G_3_3.png,3,7514980.5519,5780839.9617
AAKG9OAAFAAENzvAAo,20.06.2014,Dzielnica Wawer,kasztanowiec pospolity,Aesculus hippocastanum,D383197,78,12,2001,2,AAKG9OAAFAAENzvAAo,http://mapa.um.warszawa.pl/mvimages/san13/fig/752_fig_7405038_S12_2_2.png,2,7514984.525,5780833.6052
AAKG9OAAFAAENzvAAl,20.06.2014,Dzielnica Wawer,brzoza brodawkowata,Betula pendula,D383194,109,13,2001,1,AAKG9OAAFAAENzvAAl,http://mapa.um.warszawa.pl/mvimages/san13/fig/752_fig_7405038_S14_1_1.png,1,7514985.3845,5780842.9123
AAKG9OAAFAAENzzAAA,20.06.2014,Dzielnica Wawer,klon  sp.,Acer  sp.,D383198,"40, 55",9,2001,2,AAKG9OAAFAAENzzAAA,http://mapa.um.warszawa.pl/mvimages/san13/fig/752_fig_7405038_S15_2_2.png,2,7514988.2022,5780835.7878
AAKG9OAAFAAENzvAAm,20.06.2014,Dzielnica Wawer,dąb czerwony,Quercus rubra,D383195,199,23,2001,3,AAKG9OAAFAAENzvAAm,http://mapa.um.warszawa.pl/mvimages/san13/fig/752_fig_7405038_S1A_3_3.png,3,7514988.398,5780845.1863
AAKG9OAAFAAENzvAAn,20.06.2014,Dzielnica Wawer,kasztanowiec pospolity,Aesculus hippocastanum,D383196,101,10,2001,3,AAKG9OAAFAAENzvAAn,http://mapa.um.warszawa.pl/mvimages/san13/fig/752_fig_7405038_S1G_3_3.png,3,7514990.5131,5780846.2917
AAKG9OAAFAAENzUAAS,20.06.2014,Dzielnica Wawer,dąb szypułkowy,Quercus robur,D383281,224,22,2001,3,AAKG9OAAFAAENzUAAS,http://mapa.um.warszawa.pl/mvimages/san13/fig/752_fig_7405038_S10_3_3.png,3,7514906.3152,5780703.1459
AAKG9OAAFAAENzIAAM,20.06.2014,Dzielnica Wawer,robinia  sp.,Robinia  sp.,D383250,139,12,2001,2,AAKG9OAAFAAENzIAAM,http://mapa.um.warszawa.pl/mvimages/san13/fig/752_fig_7405038_S15_2_2.png,2,7514979.4431,5780704.8022
AAKG9OAAFAAENzIAAQ,20.06.2014,Dzielnica Wawer,sumak octowiec,Rhus typhina,D383254,46,7,2001,2,AAKG9OAAFAAENzIAAQ,http://mapa.um.warszawa.pl/mvimages/san13/fig/752_fig_7405038_S11_2_2.png,2,7514967.1278,5780705.0959
AAKG9OAAFAAENzUAAT,20.06.2014,Dzielnica Wawer,sosna pospolita,Pinus sylvestris,D383282,101,12,2001,1,AAKG9OAAFAAENzUAAT,http://mapa.um.warszawa.pl/mvimages/san13/fig/752_fig_7405038_S14_1_1.png,1,7514926.4283,5780705.5621
AAKG9OAAFAAENzUAAW,20.06.2014,Dzielnica Wawer,lilak pospolity,Syringa vulgaris,D383285,"23, 25",6,2001,1,AAKG9OAAFAAENzUAAW,http://mapa.um.warszawa.pl/mvimages/san13/fig/752_fig_7405038_S14_1_1.png,1,7514937.8456,5780705.8657
AAKG9OAAFAAENzIAAN,20.06.2014,Dzielnica Wawer,robinia  sp.,Robinia  sp.,D383251,144,20,2001,3,AAKG9OAAFAAENzIAAN,http://mapa.um.warszawa.pl/mvimages/san13/fig/752_fig_7405038_S10_3_3.png,3,7514977.4227,5780707.9088
AAKG9OAAFAAENzIAAR,20.06.2014,Dzielnica Wawer,sosna pospolita,Pinus sylvestris,D383255,137,22,2001,3,AAKG9OAAFAAENzIAAR,http://mapa.um.warszawa.pl/mvimages/san13/fig/752_fig_7405038_S10_3_3.png,3,7514964.3331,5780710.0547
AAKG9OAAFAAENzIAAS,20.06.2014,Dzielnica Wawer,sumak octowiec,Rhus typhina,D383256,50,7,2001,2,AAKG9OAAFAAENzIAAS,http://mapa.um.warszawa.pl/mvimages/san13/fig/752_fig_7405038_S12_2_2.png,2,7514959.2411,5780717.2533
AAKG9OAAFAAENzIAAT,20.06.2014,Dzielnica Wawer,sumak octowiec,Rhus typhina,D383257,48,7,2001,2,AAKG9OAAFAAENzIAAT,http://mapa.um.warszawa.pl/mvimages/san13/fig/752_fig_7405038_S12_2_2.png,2,7514957.6491,5780719.2263
AAKG9OAAFAAENzIAAU,20.06.2014,Dzielnica Wawer,klon  sp.,Acer  sp.,D383258,163,22,2001,3,AAKG9OAAFAAENzIAAU,http://mapa.um.warszawa.pl/mvimages/san13/fig/752_fig_7405038_S10_3_3.png,3,7514959.0145,5780742.3792
AAKG9OAAFAAENzIAAV,20.06.2014,Dzielnica Wawer,klon pospolity,Acer platanoides,D383259,164,22,2001,3,AAKG9OAAFAAENzIAAV,http://mapa.um.warszawa.pl/mvimages/san13/fig/752_fig_7405038_S10_3_3.png,3,7514957.6234,5780744.7848
AAKG9OAAFAAENy7AAo,20.06.2014,Dzielnica Wawer,klon  sp.,Acer  sp.,D383001,"95, 98",16,2001,3,AAKG9OAAFAAENy7AAo,http://mapa.um.warszawa.pl/mvimages/san13/fig/752_fig_7405038_S10_3_3.png,3,7514840.5159,5780748.5754
AAKG9OAAFAAENy/AAA,20.06.2014,Dzielnica Wawer,klon pospolity,Acer platanoides,D383002,56,14,2001,3,AAKG9OAAFAAENy/AAA,http://mapa.um.warszawa.pl/mvimages/san13/fig/752_fig_7405038_S1G_3_3.png,3,7514843.8652,5780750.931
AAKG9OAAFAAENy/AAB,20.06.2014,Dzielnica Wawer,klon  sp.,Acer  sp.,D383003,106,16,2001,3,AAKG9OAAFAAENy/AAB,http://mapa.um.warszawa.pl/mvimages/san13/fig/752_fig_7405038_S1G_3_3.png,3,7514852.4308,5780756.4722
AAKG9OAAFAAENy/AAC,20.06.2014,Dzielnica Wawer,klon jesionolistny,Acer negundo,D383004,96,14,2001,3,AAKG9OAAFAAENy/AAC,http://mapa.um.warszawa.pl/mvimages/san13/fig/752_fig_7405038_S1G_3_3.png,3,7514855.1249,5780758.0015
AAKG9OAAFAAENyMAAp,20.06.2014,Dzielnica Wawer,orzech włoski,Juglans regia,D383065,10,2,2001,1,AAKG9OAAFAAENyMAAp,http://mapa.um.warszawa.pl/mvimages/san13/fig/752_fig_7405038_S1E_1_1.png,1,7514948.9579,5780758.1745
AAKG9OAAFAAENyYAAS,20.06.2014,Dzielnica Wawer,jarząb pospolity ,Sorbus aucuparia,D383066,26,6,2001,1,AAKG9OAAFAAENyYAAS,http://mapa.um.warszawa.pl/mvimages/san13/fig/752_fig_7405038_S1B_1_1.png,1,7514946.8345,5780761.6522
AAKG9OAAFAAENzZAAR,20.06.2014,Dzielnica Wawer,jarząb pospolity ,Sorbus aucuparia,D382886,"25, 5, 25",3,2001,1,AAKG9OAAFAAENzZAAR,http://mapa.um.warszawa.pl/mvimages/san13/fig/752_fig_7405038_S1F_1_1.png,1,7514789.5185,5781189.4881
AAKG9OAAFAAENzZAAS,20.06.2014,Dzielnica Wawer,orzech włoski,Juglans regia,D382887,12,2,2001,1,AAKG9OAAFAAENzZAAS,http://mapa.um.warszawa.pl/mvimages/san13/fig/752_fig_7405038_S1E_1_1.png,1,7514793.5534,5781191.6709
AAKG9OAAFAAENzZAAT,20.06.2014,Dzielnica Wawer,jarząb pospolity ,Sorbus aucuparia,D382888,25,3,2001,1,AAKG9OAAFAAENzZAAT,http://mapa.um.warszawa.pl/mvimages/san13/fig/752_fig_7405038_S1E_1_1.png,1,7514796.0669,5781193.3245
AAKG9OAAFAAENzZAAY,20.06.2014,Dzielnica Wawer,jarząb szwedzki,Sorbus intermedia,D382893,25,3,2001,1,AAKG9OAAFAAENzZAAY,http://mapa.um.warszawa.pl/mvimages/san13/fig/752_fig_7405038_S1E_1_1.png,1,7514812.471,5781193.3245
AAKG9OAAFAAENzZAAZ,20.06.2014,Dzielnica Wawer,jarząb szwedzki,Sorbus intermedia,D382894,"16, 12",3,2001,1,AAKG9OAAFAAENzZAAZ,http://mapa.um.warszawa.pl/mvimages/san13/fig/752_fig_7405038_S1E_1_1.png,1,7514814.0586,5781194.5813
AAKG9OAAFAAENzZAAa,20.06.2014,Dzielnica Wawer,jarząb szwedzki,Sorbus intermedia,D382895,11,2,2001,1,AAKG9OAAFAAENzZAAa,http://mapa.um.warszawa.pl/mvimages/san13/fig/752_fig_7405038_S1E_1_1.png,1,7514815.58,5781195.6396
AAKG9OAAFAAENzZAAU,20.06.2014,Dzielnica Wawer,orzech włoski,Juglans regia,D382889,9,2,2001,1,AAKG9OAAFAAENzZAAU,http://mapa.um.warszawa.pl/mvimages/san13/fig/752_fig_7405038_S1E_1_1.png,1,7514801.7555,5781196.1027
AAKG9OAAFAAENzZAAb,20.06.2014,Dzielnica Wawer,jarząb szwedzki,Sorbus intermedia,D382896,13,3,2001,1,AAKG9OAAFAAENzZAAb,http://mapa.um.warszawa.pl/mvimages/san13/fig/752_fig_7405038_S1E_1_1.png,1,7514817.1013,5781197.0948
AAKG9OAAFAAENzdAAG,20.06.2014,Dzielnica Wawer,jarząb pospolity ,Sorbus aucuparia,D382897,"6, 9",2,2001,1,AAKG9OAAFAAENzdAAG,http://mapa.um.warszawa.pl/mvimages/san13/fig/752_fig_7405038_S1E_1_1.png,1,7514821.9299,5781201.0636
AAKG9OAAFAAENzdAAH,20.06.2014,Dzielnica Wawer,jarząb pospolity ,Sorbus aucuparia,D382898,12,3,2001,1,AAKG9OAAFAAENzdAAH,http://mapa.um.warszawa.pl/mvimages/san13/fig/752_fig_7405038_S1E_1_1.png,1,7514822.4895,5781201.4825
AAKG9OAAFAAENzdAAI,20.06.2014,Dzielnica Wawer,klon srebrzysty,Acer saccharinum,D382899,209,15,2001,2,AAKG9OAAFAAENzdAAI,http://mapa.um.warszawa.pl/mvimages/san13/fig/752_fig_7405038_S15_2_2.png,2,7514814.1778,5781207.9957
AAKG9OAAFAAENy7AAh,20.06.2014,Dzielnica Wawer,klon srebrzysty,Acer saccharinum,D382487,194,18,2001,2,AAKG9OAAFAAENy7AAh,http://mapa.um.warszawa.pl/mvimages/san13/fig/752_fig_7405038_S12_2_2.png,2,7514823.4993,5781218.0497
AAKG9OAAFAAENy7AAg,20.06.2014,Dzielnica Wawer,lipa drobnolistna,Tilia cordata,D382486,20,4,2001,1,AAKG9OAAFAAENy7AAg,http://mapa.um.warszawa.pl/mvimages/san13/fig/752_fig_7405038_S1F_1_1.png,1,7514834.5324,5781238.211
AAKG9OAAFAAENy7AAf,20.06.2014,Dzielnica Wawer,klon polny,Acer campestre,D382485,"33, 27, 36, 17",7,2001,1,AAKG9OAAFAAENy7AAf,http://mapa.um.warszawa.pl/mvimages/san13/fig/752_fig_7405038_S14_1_1.png,1,7514847.1531,5781264.0078
AAKG9OAAFAAENy7AAW,20.06.2014,Dzielnica Wawer,brzoza brodawkowata,Betula pendula,D382476,98,15,2001,1,AAKG9OAAFAAENy7AAW,http://mapa.um.warszawa.pl/mvimages/san13/fig/752_fig_7405038_S14_1_1.png,1,7514905.2422,5781287.4144
AAKG9OAAFAAENy7AAX,20.06.2014,Dzielnica Wawer,jarząb pospolity ,Sorbus aucuparia,D382477,23,4,2001,1,AAKG9OAAFAAENy7AAX,http://mapa.um.warszawa.pl/mvimages/san13/fig/752_fig_7405038_S1F_1_1.png,1,7514834.3158,5781294.0269
AAKG9OAAFAAENy7AAY,20.06.2014,Dzielnica Wawer,jarząb pospolity ,Sorbus aucuparia,D382478,20,4,2001,1,AAKG9OAAFAAENy7AAY,http://mapa.um.warszawa.pl/mvimages/san13/fig/752_fig_7405038_S1F_1_1.png,1,7514831.6038,5781307.8515
AAKG9OAAFAAENy7AAZ,20.06.2014,Dzielnica Wawer,jarząb pospolity ,Sorbus aucuparia,D382479,5,4,2001,1,AAKG9OAAFAAENy7AAZ,http://mapa.um.warszawa.pl/mvimages/san13/fig/752_fig_7405038_S1F_1_1.png,1,7514830.0164,5781314.3999
AAKG9OAAFAAENy7AAV,20.06.2014,Dzielnica Wawer,sosna pospolita,Pinus sylvestris,D382474,127,8,2001,1,AAKG9OAAFAAENy7AAV,http://mapa.um.warszawa.pl/mvimages/san13/fig/752_fig_7405038_S14_1_1.png,1,7515022.4522,5781318.5378
AAKG9OAAFAAENy7AAa,20.06.2014,Dzielnica Wawer,jarząb pospolity ,Sorbus aucuparia,D382480,16,4,2001,1,AAKG9OAAFAAENy7AAa,http://mapa.um.warszawa.pl/mvimages/san13/fig/752_fig_7405038_S1E_1_1.png,1,7514826.3122,5781334.1113
AAKG9OAAFAAENy7AAb,20.06.2014,Dzielnica Wawer,jarząb pospolity ,Sorbus aucuparia,D382481,14,3,2001,1,AAKG9OAAFAAENy7AAb,http://mapa.um.warszawa.pl/mvimages/san13/fig/752_fig_7405038_S1E_1_1.png,1,7514824.7908,5781341.7843
AAKG9OAAFAAENy7AAc,20.06.2014,Dzielnica Wawer,jarząb szwedzki,Sorbus intermedia,D382482,20,3,2001,1,AAKG9OAAFAAENy7AAc,http://mapa.um.warszawa.pl/mvimages/san13/fig/752_fig_7405038_S1E_1_1.png,1,7514822.7403,5781352.0369
AAKG9OAAFAAENy7AAd,20.06.2014,Dzielnica Wawer,jarząb pospolity ,Sorbus aucuparia,D382483,19,4,2001,1,AAKG9OAAFAAENy7AAd,http://mapa.um.warszawa.pl/mvimages/san13/fig/752_fig_7405038_S1F_1_1.png,1,7514820.8883,5781360.7681
AAKG9OAAFAAENy7AAe,20.06.2014,Dzielnica Wawer,jarząb pospolity ,Sorbus aucuparia,D382484,14,3,2001,1,AAKG9OAAFAAENy7AAe,http://mapa.um.warszawa.pl/mvimages/san13/fig/752_fig_7405038_S1E_1_1.png,1,7514819.1022,5781368.9041
AAKG9OAAnAAHzF5AAa,20.06.2014,Dzielnica Wawer,lipa drobnolistna,Tilia cordata,D381583,21,3,2001,1,AAKG9OAAnAAHzF5AAa,http://mapa.um.warszawa.pl/mvimages/san13/fig/752_fig_7405038_S1E_1_1.png,1,7514822.2351,5781389.609
AAKG9OAAnAAHzF5AAZ,20.06.2014,Dzielnica Wawer,brzoza brodawkowata,Betula pendula,D381582,127,15,2001,1,AAKG9OAAnAAHzF5AAZ,http://mapa.um.warszawa.pl/mvimages/san13/fig/752_fig_7405038_S1C_1_1.png,1,7514825.6484,5781390.3133
AAKG9OAAnAAHzF5AAb,20.06.2014,Dzielnica Wawer,jarząb pospolity ,Sorbus aucuparia,D381584,24,4,2001,1,AAKG9OAAnAAHzF5AAb,http://mapa.um.warszawa.pl/mvimages/san13/fig/752_fig_7405038_S1F_1_1.png,1,7514814.374,5781392.1909
AAKG9OAAnAAHzF5AAc,20.06.2014,Dzielnica Wawer,jarząb pospolity ,Sorbus aucuparia,D381585,23,4,2001,1,AAKG9OAAnAAHzF5AAc,http://mapa.um.warszawa.pl/mvimages/san13/fig/752_fig_7405038_S1F_1_1.png,1,7514811.3874,5781406.2098
AAKG9OAAnAAHzF5AAd,20.06.2014,Dzielnica Wawer,robinia  sp.,Robinia  sp.,D381586,93,5,2001,1,AAKG9OAAnAAHzF5AAd,http://mapa.um.warszawa.pl/mvimages/san13/fig/752_fig_7405038_S1F_1_1.png,1,7514817.391,5781411.0249
AAKG9OAAnAAHzF5AAe,20.06.2014,Dzielnica Wawer,jarząb pospolity ,Sorbus aucuparia,D381587,15,3,2001,1,AAKG9OAAnAAHzF5AAe,http://mapa.um.warszawa.pl/mvimages/san13/fig/752_fig_7405038_S1E_1_1.png,1,7514807.2427,5781426.72
AAKG9OAAnAAHzFmAAA,20.06.2014,Dzielnica Wawer,jarząb pospolity ,Sorbus aucuparia,D381687,18,3,2001,1,AAKG9OAAnAAHzFmAAA,http://mapa.um.warszawa.pl/mvimages/san13/fig/752_fig_7405038_S1E_1_1.png,1,7514802.9143,5781447.9102
AAKG9OAAnAAHzFiAAk,20.06.2014,Dzielnica Wawer,jarząb szwedzki,Sorbus intermedia,D381683,17,3,2001,1,AAKG9OAAnAAHzFiAAk,http://mapa.um.warszawa.pl/mvimages/san13/fig/752_fig_7405038_S1E_1_1.png,1,7514786.5827,5781525.152
AAKG9OAAnAAHzFiAAj,20.06.2014,Dzielnica Wawer,jarząb szwedzki,Sorbus intermedia,D381682,14,3,2001,1,AAKG9OAAnAAHzFiAAj,http://mapa.um.warszawa.pl/mvimages/san13/fig/752_fig_7405038_S1E_1_1.png,1,7514788.3164,5781516.989
AAKG9OAAnAAHzFaAAI,20.06.2014,Dzielnica Wawer,lipa drobnolistna,Tilia cordata,D381679,107,8,2001,2,AAKG9OAAnAAHzFaAAI,http://mapa.um.warszawa.pl/mvimages/san13/fig/752_fig_7405038_S11_2_2.png,2,7514789.689,5781495.1006
AAKG9OAAnAAHzFiAAi,20.06.2014,Dzielnica Wawer,jarząb szwedzki,Sorbus intermedia,D381681,16,3,2001,1,AAKG9OAAnAAHzFiAAi,http://mapa.um.warszawa.pl/mvimages/san13/fig/752_fig_7405038_S1E_1_1.png,1,7514790.0501,5781509.4761
AAKG9OAAnAAHzFiAAh,20.06.2014,Dzielnica Wawer,jarząb szwedzki,Sorbus intermedia,D381680,13,3,2001,3,AAKG9OAAnAAHzFiAAh,http://mapa.um.warszawa.pl/mvimages/san13/fig/752_fig_7405038_S10_3_3.png,3,7514791.9283,5781501.2408
AAKG9OAAnAAHzFmAAD,20.06.2014,Dzielnica Wawer,brzoza brodawkowata,Betula pendula,D381690,30,6,2001,1,AAKG9OAAnAAHzFmAAD,http://mapa.um.warszawa.pl/mvimages/san13/fig/752_fig_7405038_S1B_1_1.png,1,7514794.8257,5781522.9101
AAKG9OAAnAAHzFmAAE,20.06.2014,Dzielnica Wawer,świerk pospolity,Picea abies,D381691,10,2,2001,1,AAKG9OAAnAAHzFmAAE,http://mapa.um.warszawa.pl/mvimages/san13/fig/752_fig_7405038_S1E_1_1.png,1,7514795.2322,5781520.6345
AAKG9OAAnAAHzFiAAl,20.06.2014,Dzielnica Wawer,jarząb pospolity ,Sorbus aucuparia,D381684,18,3,2001,1,AAKG9OAAnAAHzFiAAl,http://mapa.um.warszawa.pl/mvimages/san13/fig/752_fig_7405038_S1E_1_1.png,1,7514796.0336,5781479.7676
AAKG9OAAnAAHzFiAAm,20.06.2014,Dzielnica Wawer,jarząb pospolity ,Sorbus aucuparia,D381685,15,3,2001,1,AAKG9OAAnAAHzFiAAm,http://mapa.um.warszawa.pl/mvimages/san13/fig/752_fig_7405038_S1E_1_1.png,1,7514798.0924,5781470.5029
AAKG9OAAnAAHzFiAAn,20.06.2014,Dzielnica Wawer,jarząb pospolity ,Sorbus aucuparia,D381686,18,3,2001,1,AAKG9OAAnAAHzFiAAn,http://mapa.um.warszawa.pl/mvimages/san13/fig/752_fig_7405038_S1E_1_1.png,1,7514799.8262,5781462.8636
AAKG9OAAFAAENz7AAX,20.06.2014,Dzielnica Wawer,klon jawor,Acer pseudoplatanus,D382659,62,7,2001,1,AAKG9OAAFAAENz7AAX,http://mapa.um.warszawa.pl/mvimages/san13/fig/752_fig_7405038_S1F_1_1.png,1,7514807.895,5781602.9105
AAKG9OAAnAAHzFmAAB,20.06.2014,Dzielnica Wawer,klon srebrzysty,Acer saccharinum,D381688,136,8,2001,2,AAKG9OAAnAAHzFmAAB,http://mapa.um.warszawa.pl/mvimages/san13/fig/752_fig_7405038_S11_2_2.png,2,7514809.9848,5781498.6129
AAKG9OAAnAAHzFmAAC,20.06.2014,Dzielnica Wawer,klon jawor,Acer pseudoplatanus,D381689,127,13,2001,2,AAKG9OAAnAAHzFmAAC,http://mapa.um.warszawa.pl/mvimages/san13/fig/752_fig_7405038_S11_2_2.png,2,7514810.9238,5781491.389
AAKG9OAAnAAHzFWAAV,20.06.2014,Dzielnica Wawer,klon jawor,Acer pseudoplatanus,D381648,98,8,2001,2,AAKG9OAAnAAHzFWAAV,http://mapa.um.warszawa.pl/mvimages/san13/fig/752_fig_7405038_S11_2_2.png,2,7514825.334,5781501.6455
AAKG9OAAFAAENz7AAP,20.06.2014,Dzielnica Wawer,klon srebrzysty,Acer saccharinum,D382651,20,16,2001,2,AAKG9OAAFAAENz7AAP,http://mapa.um.warszawa.pl/mvimages/san13/fig/752_fig_7405038_S15_2_2.png,2,7514834.1105,5781608.847
AAKG9OAAnAAHzFWAAW,20.06.2014,Dzielnica Wawer,klon jawor,Acer pseudoplatanus,D381649,94,8,2001,2,AAKG9OAAnAAHzFWAAW,http://mapa.um.warszawa.pl/mvimages/san13/fig/752_fig_7405038_S11_2_2.png,2,7514840.3417,5781505.0046
AAKG9OAAnAAHzFWAAX,20.06.2014,Dzielnica Wawer,klon jawor,Acer pseudoplatanus,D381650,97,8,2001,2,AAKG9OAAnAAHzFWAAX,http://mapa.um.warszawa.pl/mvimages/san13/fig/752_fig_7405038_S11_2_2.png,2,7514847.8185,5781506.5215
AAKG9OAAnAAHzFWAAY,20.06.2014,Dzielnica Wawer,klon jawor,Acer pseudoplatanus,D381651,108,8,2001,1,AAKG9OAAnAAHzFWAAY,http://mapa.um.warszawa.pl/mvimages/san13/fig/752_fig_7405038_S1C_1_1.png,1,7514856.2162,5781508.2552
AAKG9OAAnAAHzFWAAZ,20.06.2014,Dzielnica Wawer,klon jawor,Acer pseudoplatanus,D381652,93,8,2001,2,AAKG9OAAnAAHzFWAAZ,http://mapa.um.warszawa.pl/mvimages/san13/fig/752_fig_7405038_S11_2_2.png,2,7514863.5845,5781509.8807
AAKG9OAAnAAHzFWAAa,20.06.2014,Dzielnica Wawer,klon jawor,Acer pseudoplatanus,D381653,114,8,2001,2,AAKG9OAAnAAHzFWAAa,http://mapa.um.warszawa.pl/mvimages/san13/fig/752_fig_7405038_S12_2_2.png,2,7514871.1154,5781511.3435
AAKG9OAAnAAHzFWAAb,20.06.2014,Dzielnica Wawer,jesion wyniosły,Fraxinus excelsior,D381654,78,10,2001,1,AAKG9OAAnAAHzFWAAb,http://mapa.um.warszawa.pl/mvimages/san13/fig/752_fig_7405038_S1C_1_1.png,1,7514871.278,5781504.1919
AAKG9OAAnAAHzFWAAc,20.06.2014,Dzielnica Wawer,topola czarna,Populus nigra,D381655,121,10,2001,2,AAKG9OAAnAAHzFWAAc,http://mapa.um.warszawa.pl/mvimages/san13/fig/752_fig_7405038_S11_2_2.png,2,7514880.7593,5781513.294
AAKG9OAAFAAENz7AAQ,20.06.2014,Dzielnica Wawer,klon jawor,Acer pseudoplatanus,D382652,84,8,2001,1,AAKG9OAAFAAENz7AAQ,http://mapa.um.warszawa.pl/mvimages/san13/fig/752_fig_7405038_S14_1_1.png,1,7514881.934,5781618.9011
AAKG9OAAnAAHzFWAAd,20.06.2014,Dzielnica Wawer,klon jawor,Acer pseudoplatanus,D381656,103,8,2001,2,AAKG9OAAnAAHzFWAAd,http://mapa.um.warszawa.pl/mvimages/san13/fig/752_fig_7405038_S15_2_2.png,2,7514887.315,5781514.3234
AAKG9OAAFAAENz7AAR,20.06.2014,Dzielnica Wawer,klon srebrzysty,Acer saccharinum,D382653,138,16,2001,2,AAKG9OAAFAAENz7AAR,http://mapa.um.warszawa.pl/mvimages/san13/fig/752_fig_7405038_S12_2_2.png,2,7514888.0194,5781620.1579
AAKG9OAAnAAHzFWAAe,20.06.2014,Dzielnica Wawer,jesion wyniosły,Fraxinus excelsior,D381657,44,7,2001,1,AAKG9OAAnAAHzFWAAe,http://mapa.um.warszawa.pl/mvimages/san13/fig/752_fig_7405038_S14_1_1.png,1,7514890.5657,5781507.9843
AAKG9OAAnAAHzFWAAg,20.06.2014,Dzielnica Wawer,klon jawor,Acer pseudoplatanus,D381659,92,8,2001,2,AAKG9OAAnAAHzFWAAg,http://mapa.um.warszawa.pl/mvimages/san13/fig/752_fig_7405038_S11_2_2.png,2,7514894.575,5781516.0571
AAKG9OAAnAAHzFWAAf,20.06.2014,Dzielnica Wawer,jesion wyniosły,Fraxinus excelsior,D381658,53,8,2001,1,AAKG9OAAnAAHzFWAAf,http://mapa.um.warszawa.pl/mvimages/san13/fig/752_fig_7405038_S1C_1_1.png,1,7514896.092,5781508.2011
AAKG9OAAnAAHzFWAAh,20.06.2014,Dzielnica Wawer,jesion wyniosły,Fraxinus excelsior,D381661,39,4,2001,1,AAKG9OAAnAAHzFWAAh,http://mapa.um.warszawa.pl/mvimages/san13/fig/752_fig_7405038_S1F_1_1.png,1,7514909.962,5781519.1453
AAKG9OAAFAAENz7AAS,20.06.2014,Dzielnica Wawer,klon srebrzysty,Acer saccharinum,D382654,123,14,2001,2,AAKG9OAAFAAENz7AAS,http://mapa.um.warszawa.pl/mvimages/san13/fig/752_fig_7405038_S15_2_2.png,2,7514916.6607,5781624.9866
AAKG9OAAnAAHzFKAAX,20.06.2014,Dzielnica Wawer,wiśnia  sp.,Prunus  sp.(wiśnia),D381632,16,2,2001,1,AAKG9OAAnAAHzFKAAX,http://mapa.um.warszawa.pl/mvimages/san13/fig/752_fig_7405038_S1E_1_1.png,1,7514917.6401,5781563.1957
AAKG9OAAFAAENy7AAK,20.06.2014,Dzielnica Wawer,dąb szypułkowy,Quercus robur,D382463,29,7,2001,1,AAKG9OAAFAAENy7AAK,http://mapa.um.warszawa.pl/mvimages/san13/fig/752_fig_7405038_S1F_1_1.png,1,7514723.1312,5781112.4917
AAKG9OAAFAAENy7AAJ,20.06.2014,Dzielnica Wawer,dąb szypułkowy,Quercus robur,D382462,64,11,2001,1,AAKG9OAAFAAENy7AAJ,http://mapa.um.warszawa.pl/mvimages/san13/fig/752_fig_7405038_S14_1_1.png,1,7514729.4813,5781105.9036
AAKG9OAAFAAENy7AAI,20.06.2014,Dzielnica Wawer,klon srebrzysty,Acer saccharinum,D382461,43,8,2001,1,AAKG9OAAFAAENy7AAI,http://mapa.um.warszawa.pl/mvimages/san13/fig/752_fig_7405038_S1F_1_1.png,1,7514729.878,5781101.935
AAKG9OAAFAAENy7AAH,20.06.2014,Dzielnica Wawer,klon srebrzysty,Acer saccharinum,D382460,33,8,2001,1,AAKG9OAAFAAENy7AAH,http://mapa.um.warszawa.pl/mvimages/san13/fig/752_fig_7405038_S1F_1_1.png,1,7514731.2276,5781099.0773
AAKG9OAAFAAENy7AAG,20.06.2014,Dzielnica Wawer,klon srebrzysty,Acer saccharinum,D382459,54,10,2001,1,AAKG9OAAFAAENy7AAG,http://mapa.um.warszawa.pl/mvimages/san13/fig/752_fig_7405038_S1F_1_1.png,1,7514732.6564,5781093.6006
AAKG9OAAFAAENy7AAF,20.06.2014,Dzielnica Wawer,dąb szypułkowy,Quercus robur,D382458,32,6,2001,1,AAKG9OAAFAAENy7AAF,http://mapa.um.warszawa.pl/mvimages/san13/fig/752_fig_7405038_S1F_1_1.png,1,7514734.085,5781091.6955
AAKG9OAAFAAENy9AAf,20.06.2014,Dzielnica Wawer,lipa drobnolistna,Tilia cordata,D382457,"48, 62",10,2001,1,AAKG9OAAFAAENy9AAf,http://mapa.um.warszawa.pl/mvimages/san13/fig/752_fig_7405038_S14_1_1.png,1,7514736.9425,5781087.8855
AAKG9OAAFAAENy9AAe,20.06.2014,Dzielnica Wawer,lipa drobnolistna,Tilia cordata,D382456,"48, 56",11,2001,1,AAKG9OAAFAAENy9AAe,http://mapa.um.warszawa.pl/mvimages/san13/fig/752_fig_7405038_S1B_1_1.png,1,7514737.26,5781084.9485
AAKG9OAAFAAENy9AAd,20.06.2014,Dzielnica Wawer,klon srebrzysty,Acer saccharinum,D382455,"54, 23",10,2001,1,AAKG9OAAFAAENy9AAd,http://mapa.um.warszawa.pl/mvimages/san13/fig/752_fig_7405038_S1B_1_1.png,1,7514744.0863,5781076.773
AAKG9OAAFAAENy9AAc,20.06.2014,Dzielnica Wawer,klon srebrzysty,Acer saccharinum,D382454,85,10,2001,1,AAKG9OAAFAAENy9AAc,http://mapa.um.warszawa.pl/mvimages/san13/fig/752_fig_7405038_S14_1_1.png,1,7514745.7531,5781074.1536
AAKG9OAAFAAENy9AAb,20.06.2014,Dzielnica Wawer,klon srebrzysty,Acer saccharinum,D382453,"46, 39, 43",9,2001,1,AAKG9OAAFAAENy9AAb,http://mapa.um.warszawa.pl/mvimages/san13/fig/752_fig_7405038_S14_1_1.png,1,7514748.4519,5781068.915
AAKG9OAAFAAENy9AAa,20.06.2014,Dzielnica Wawer,klon srebrzysty,Acer saccharinum,D382452,27,4,2001,1,AAKG9OAAFAAENy9AAa,http://mapa.um.warszawa.pl/mvimages/san13/fig/752_fig_7405038_S1F_1_1.png,1,7514749.96,5781066.0573
AAKG9OAAFAAENy9AAZ,20.06.2014,Dzielnica Wawer,klon srebrzysty,Acer saccharinum,D382451,66,12,2001,1,AAKG9OAAFAAENy9AAZ,http://mapa.um.warszawa.pl/mvimages/san13/fig/752_fig_7405038_S14_1_1.png,1,7514753.8494,5781059.231
AAKG9OAAFAAENy9AAY,20.06.2014,Dzielnica Wawer,klon srebrzysty,Acer saccharinum,D382450,"70, 31, 45, 41",10,2001,2,AAKG9OAAFAAENy9AAY,http://mapa.um.warszawa.pl/mvimages/san13/fig/752_fig_7405038_S11_2_2.png,2,7514754.9607,5781057.088
AAKG9OAAFAAENy9AAX,20.06.2014,Dzielnica Wawer,klon srebrzysty,Acer saccharinum,D382449,"46, 41",10,2001,1,AAKG9OAAFAAENy9AAX,http://mapa.um.warszawa.pl/mvimages/san13/fig/752_fig_7405038_S1F_1_1.png,1,7514758.3738,5781053.4366
AAKG9OAAFAAENy9AAW,20.06.2014,Dzielnica Wawer,klon srebrzysty,Acer saccharinum,D382448,74,10,2001,1,AAKG9OAAFAAENy9AAW,http://mapa.um.warszawa.pl/mvimages/san13/fig/752_fig_7405038_S14_1_1.png,1,7514759.1676,5781051.2143
AAKG9OAAFAAENyEAAB,20.06.2014,Zarząd Zieleni m.st. Warszawy,klon srebrzysty,Acer saccharinum,D383586,87,11,2001,3,AAKG9OAAFAAENyEAAB,http://mapa.um.warszawa.pl/mvimages/san13/fig/752_fig_7405038_S1G_3_3.png,3,7514796.3389,5781018.8594
AAKG9OAAFAAENz/AAZ,20.06.2014,Dzielnica Wawer,brzoza brodawkowata,Betula pendula,D383752,123,12,2001,2,AAKG9OAAFAAENz/AAZ,http://mapa.um.warszawa.pl/mvimages/san13/fig/752_fig_7405038_S15_2_2.png,2,7514796.7401,5781003.3176
AAKG9OAAFAAENyEAAC,20.06.2014,Zarząd Zieleni m.st. Warszawy,klon srebrzysty,Acer saccharinum,D383587,109,12,2001,3,AAKG9OAAFAAENyEAAC,http://mapa.um.warszawa.pl/mvimages/san13/fig/752_fig_7405038_S10_3_3.png,3,7514800.7839,5781021.7801
AAKG9OAAFAAENyEAAA,20.06.2014,Dzielnica Wawer,grusza pospolita,Pyrus pyraster,D383585,196,10,2001,3,AAKG9OAAFAAENyEAAA,http://mapa.um.warszawa.pl/mvimages/san13/fig/752_fig_7405038_S1G_3_3.png,3,7514817.0407,5780951.6924
AAKG9OAAFAAENyEAAE,20.06.2014,Zarząd Zieleni m.st. Warszawy,klon  sp.,Acer  sp.,D383589,118,10,2001,3,AAKG9OAAFAAENyEAAE,http://mapa.um.warszawa.pl/mvimages/san13/fig/752_fig_7405038_S16_3_3.png,3,7514818.3315,5781049.2124
AAKG9OAAFAAENyEAAD,20.06.2014,Zarząd Zieleni m.st. Warszawy,klon srebrzysty,Acer saccharinum,D383588,142,12,2001,3,AAKG9OAAFAAENyEAAD,http://mapa.um.warszawa.pl/mvimages/san13/fig/752_fig_7405038_S1A_3_3.png,3,7514823.6541,5781035.6655
AAKG9OAAFAAENz/AAc,20.06.2014,Zarząd Zieleni m.st. Warszawy,klon  sp.,Acer  sp.,D383755,16,5,2001,1,AAKG9OAAFAAENz/AAc,http://mapa.um.warszawa.pl/mvimages/san13/fig/752_fig_7405038_S1F_1_1.png,1,7514832.8769,5781041.9913
AAKG9OAAFAAENz/AAa,20.06.2014,Zarząd Zieleni m.st. Warszawy,klon  sp.,Acer  sp.,D383753,80,13,2001,3,AAKG9OAAFAAENz/AAa,http://mapa.um.warszawa.pl/mvimages/san13/fig/752_fig_7405038_S10_3_3.png,3,7514835.081,5781059.251
AAKG9OAAFAAENz/AAd,20.06.2014,Zarząd Zieleni m.st. Warszawy,klon pospolity,Acer platanoides,D383756,15,6,2001,1,AAKG9OAAFAAENz/AAd,http://mapa.um.warszawa.pl/mvimages/san13/fig/752_fig_7405038_S1F_1_1.png,1,7514839.7063,5781048.8116
AAKG9OAAFAAENz/AAb,20.06.2014,Zarząd Zieleni m.st. Warszawy,klon srebrzysty,Acer saccharinum,D383754,173,15,2001,4,AAKG9OAAFAAENz/AAb,http://mapa.um.warszawa.pl/mvimages/san13/fig/752_fig_7405038_S1H_4_4.png,4,7514841.6701,5781064.1143
AAKG9OAAFAAENz/AAe,20.06.2014,Zarząd Zieleni m.st. Warszawy,klon jesionolistny,Acer negundo,D383757,137,11,2001,3,AAKG9OAAFAAENz/AAe,http://mapa.um.warszawa.pl/mvimages/san13/fig/752_fig_7405038_S1G_3_3.png,3,7514843.0978,5781051.0221
AAKG9OAAFAAENz/AAf,20.06.2014,Zarząd Zieleni m.st. Warszawy,klon srebrzysty,Acer saccharinum,D383758,66,6,2001,1,AAKG9OAAFAAENz/AAf,http://mapa.um.warszawa.pl/mvimages/san13/fig/752_fig_7405038_S1C_1_1.png,1,7514853.3115,5781055.1214
AAKG9OAAFAAENz/AAi,20.06.2014,Zarząd Zieleni m.st. Warszawy,klon srebrzysty,Acer saccharinum,D383761,149,15,2001,3,AAKG9OAAFAAENz/AAi,http://mapa.um.warszawa.pl/mvimages/san13/fig/752_fig_7405038_S10_3_3.png,3,7514855.949,5781071.7161
AAKG9OAAFAAENz/AAg,20.06.2014,Zarząd Zieleni m.st. Warszawy,klon srebrzysty,Acer saccharinum,D383759,89,11,2001,1,AAKG9OAAFAAENz/AAg,http://mapa.um.warszawa.pl/mvimages/san13/fig/752_fig_7405038_S1C_1_1.png,1,7514856.9573,5781058.5401
AAKG9OAAFAAENz/AAj,20.06.2014,Zarząd Zieleni m.st. Warszawy,klon  sp.,Acer  sp.,D383762,15,6,2001,1,AAKG9OAAFAAENz/AAj,http://mapa.um.warszawa.pl/mvimages/san13/fig/752_fig_7405038_S1F_1_1.png,1,7514860.9796,5781074.9004
AAKG9OAAFAAENyQAAI,20.06.2014,Dzielnica Wawer,klon srebrzysty,Acer saccharinum,D383615,139,12,2001,3,AAKG9OAAFAAENyQAAI,http://mapa.um.warszawa.pl/mvimages/san13/fig/752_fig_7405038_S10_3_3.png,3,7514698.5055,5780851.9453
AAKG9OAAFAAENyQAAJ,20.06.2014,Dzielnica Wawer,klon srebrzysty,Acer saccharinum,D383616,149,11,2001,3,AAKG9OAAFAAENyQAAJ,http://mapa.um.warszawa.pl/mvimages/san13/fig/752_fig_7405038_S10_3_3.png,3,7514704.6512,5780842.8726
AAKG9OAAFAAENyQAAK,20.06.2014,Dzielnica Wawer,klon srebrzysty,Acer saccharinum,D383617,146,12,2001,3,AAKG9OAAFAAENyQAAK,http://mapa.um.warszawa.pl/mvimages/san13/fig/752_fig_7405038_S1A_3_3.png,3,7514710.4803,5780833.4103
AAKG9OAAFAAENyQAAH,20.06.2014,Dzielnica Wawer,klon jesionolistny,Acer negundo,D383614,"113, 83",11,2001,3,AAKG9OAAFAAENyQAAH,http://mapa.um.warszawa.pl/mvimages/san13/fig/752_fig_7405038_S10_3_3.png,3,7514711.7399,5780770.4814
AAKG9OAAFAAENyQAAL,20.06.2014,Dzielnica Wawer,klon srebrzysty,Acer saccharinum,D383618,171,14,2001,3,AAKG9OAAFAAENyQAAL,http://mapa.um.warszawa.pl/mvimages/san13/fig/752_fig_7405038_S1G_3_3.png,3,7514714.8978,5780825.8722
AAKG9OAAFAAENyQAAM,20.06.2014,Dzielnica Wawer,brzoza brodawkowata,Betula pendula,D383619,31,7,2001,1,AAKG9OAAFAAENyQAAM,http://mapa.um.warszawa.pl/mvimages/san13/fig/752_fig_7405038_S14_1_1.png,1,7514720.5565,5780816.6779
AAKG9OAAFAAENyQAAD,20.06.2014,Dzielnica Wawer,klon srebrzysty,Acer saccharinum,D383610,202,16,2001,3,AAKG9OAAFAAENyQAAD,http://mapa.um.warszawa.pl/mvimages/san13/fig/752_fig_7405038_S16_3_3.png,3,7514728.0018,5780804.1509
AAKG9OAAFAAENyQAAE,20.06.2014,Dzielnica Wawer,klon srebrzysty,Acer saccharinum,D383611,129,12,2001,3,AAKG9OAAFAAENyQAAE,http://mapa.um.warszawa.pl/mvimages/san13/fig/752_fig_7405038_S1G_3_3.png,3,7514732.1394,5780797.4227
AAKG9OAAFAAENyQAAF,20.06.2014,Dzielnica Wawer,klon srebrzysty,Acer saccharinum,D383612,106,13,2001,3,AAKG9OAAFAAENyQAAF,http://mapa.um.warszawa.pl/mvimages/san13/fig/752_fig_7405038_S1G_3_3.png,3,7514736.0124,5780791.702
AAKG9OAAFAAENyQAAG,20.06.2014,Dzielnica Wawer,klon srebrzysty,Acer saccharinum,D383613,174,16,2001,4,AAKG9OAAFAAENyQAAG,http://mapa.um.warszawa.pl/mvimages/san13/fig/752_fig_7405038_S1H_4_4.png,4,7514738.8843,5780786.5203
AAKG9OAAFAAENyQAAZ,20.06.2014,Dzielnica Wawer,wiśnia pospolita,Prunus cerasus,D383632,19,4,2001,1,AAKG9OAAFAAENyQAAZ,http://mapa.um.warszawa.pl/mvimages/san13/fig/752_fig_7405038_S1E_1_1.png,1,7514746.2256,5780774.9018
AAKG9OAAFAAENyQAAY,20.06.2014,Dzielnica Wawer,wiśnia pospolita,Prunus cerasus,D383631,18,4,2001,1,AAKG9OAAFAAENyQAAY,http://mapa.um.warszawa.pl/mvimages/san13/fig/752_fig_7405038_S1E_1_1.png,1,7514749.3954,5780769.7552
AAKG9OAAFAAENyQAAX,20.06.2014,Dzielnica Wawer,wiśnia pospolita,Prunus cerasus,D383630,16,4,2001,1,AAKG9OAAFAAENyQAAX,http://mapa.um.warszawa.pl/mvimages/san13/fig/752_fig_7405038_S1E_1_1.png,1,7514753.2477,5780764.1288
AAKG9OAAFAAENyQAAa,20.06.2014,Dzielnica Wawer,sosna pospolita,Pinus sylvestris,D383633,126,15,2001,3,AAKG9OAAFAAENyQAAa,http://mapa.um.warszawa.pl/mvimages/san13/fig/752_fig_7405038_S1G_3_3.png,3,7514761.8462,5780784.7136
AAKG9OAAFAAENyQAAV,20.06.2014,Dzielnica Wawer,sumak octowiec,Rhus typhina,D383628,"34, 35",6,2001,2,AAKG9OAAFAAENyQAAV,http://mapa.um.warszawa.pl/mvimages/san13/fig/752_fig_7405038_S11_2_2.png,2,7514809.1929,5780813.3557
AAKG9OAAFAAENyQAAU,20.06.2014,Dzielnica Wawer,sumak octowiec,Rhus typhina,D383627,"40, 38",6,2001,2,AAKG9OAAFAAENyQAAU,http://mapa.um.warszawa.pl/mvimages/san13/fig/752_fig_7405038_S15_2_2.png,2,7514813.9952,5780816.486
AAKG9OAAFAAENyQAAR,20.06.2014,Dzielnica Wawer,robinia  sp.,Robinia  sp.,D383624,93,15,2001,3,AAKG9OAAFAAENyQAAR,http://mapa.um.warszawa.pl/mvimages/san13/fig/752_fig_7405038_S1G_3_3.png,3,7514816.4853,5780834.9387
AAKG9OAAFAAENyQAAS,20.06.2014,Dzielnica Wawer,robinia  sp.,Robinia  sp.,D383625,178,18,2001,3,AAKG9OAAFAAENyQAAS,http://mapa.um.warszawa.pl/mvimages/san13/fig/752_fig_7405038_S16_3_3.png,3,7514816.4871,5780830.9636
AAKG9OAAFAAENyQAAQ,20.06.2014,Dzielnica Wawer,robinia  sp.,Robinia  sp.,D383623,"62, 24, 92",15,2001,3,AAKG9OAAFAAENyQAAQ,http://mapa.um.warszawa.pl/mvimages/san13/fig/752_fig_7405038_S1G_3_3.png,3,7514820.4883,5780833.4792
AAKG9OAAFAAENyQAAT,20.06.2014,Dzielnica Wawer,klon pospolity,Acer platanoides,D383626,57,12,2001,2,AAKG9OAAFAAENyQAAT,http://mapa.um.warszawa.pl/mvimages/san13/fig/752_fig_7405038_S12_2_2.png,2,7514823.1853,5780822.1063
AAKG9OAAFAAENyQAAB,20.06.2014,Dzielnica Wawer,robinia  sp.,Robinia  sp.,D383608,119,22,2001,2,AAKG9OAAFAAENyQAAB,http://mapa.um.warszawa.pl/mvimages/san13/fig/752_fig_7405038_S15_2_2.png,2,7514825.7271,5780835.8022
AAKG9OAAFAAENyQAAA,20.06.2014,Dzielnica Wawer,robinia  sp.,Robinia  sp.,D383607,253,22,2001,5,AAKG9OAAFAAENyQAAA,http://mapa.um.warszawa.pl/mvimages/san13/fig/752_fig_7405038_S19_5_5.png,5,7514827.611,5780841.4685
AAKG9OAAFAAENyQAAP,20.06.2014,Dzielnica Wawer,dąb szypułkowy,Quercus robur,D383622,188,22,2001,3,AAKG9OAAFAAENyQAAP,http://mapa.um.warszawa.pl/mvimages/san13/fig/752_fig_7405038_S1A_3_3.png,3,7514829.9317,5780826.2263
AAKG9OAAFAAENyQAAO,20.06.2014,Dzielnica Wawer,dąb szypułkowy,Quercus robur,D383621,157,18,2001,3,AAKG9OAAFAAENyQAAO,http://mapa.um.warszawa.pl/mvimages/san13/fig/752_fig_7405038_S1A_3_3.png,3,7514830.2029,5780827.5127
AAKG9OAAFAAENyQAAC,20.06.2014,Dzielnica Wawer,kasztanowiec pospolity,Aesculus hippocastanum,D383609,134,15,2001,2,AAKG9OAAFAAENyQAAC,http://mapa.um.warszawa.pl/mvimages/san13/fig/752_fig_7405038_S11_2_2.png,2,7514835.151,5780829.4884
AAKG9OAAFAAENyEAAV,20.06.2014,Dzielnica Wawer,robinia  sp.,Robinia  sp.,D383606,195,17,2001,3,AAKG9OAAFAAENyEAAV,http://mapa.um.warszawa.pl/mvimages/san13/fig/752_fig_7405038_S16_3_3.png,3,7514835.3529,5780842.2372
AAKG9OAAFAAENyEAAU,20.06.2014,Dzielnica Wawer,sosna pospolita,Pinus sylvestris,D383605,106,14,2001,2,AAKG9OAAFAAENyEAAU,http://mapa.um.warszawa.pl/mvimages/san13/fig/752_fig_7405038_S15_2_2.png,2,7514846.0897,5780848.281
AAKG9OAAFAAENyEAAT,20.06.2014,Dzielnica Wawer,sosna pospolita,Pinus sylvestris,D383604,110,15,2001,2,AAKG9OAAFAAENyEAAT,http://mapa.um.warszawa.pl/mvimages/san13/fig/752_fig_7405038_S12_2_2.png,2,7514852.621,5780851.1999
AAKG9OAAFAAENyEAAS,20.06.2014,Dzielnica Wawer,sosna pospolita,Pinus sylvestris,D383603,117,17,2001,3,AAKG9OAAFAAENyEAAS,http://mapa.um.warszawa.pl/mvimages/san13/fig/752_fig_7405038_S10_3_3.png,3,7514855.9596,5780852.8526
AAKG9OAAFAAENyEAAR,20.06.2014,Dzielnica Wawer,lipa  sp.,Tilia  sp.,D383602,37,5,2001,2,AAKG9OAAFAAENyEAAR,http://mapa.um.warszawa.pl/mvimages/san13/fig/752_fig_7405038_S15_2_2.png,2,7514856.96,5780855.8404
AAKG9OAAFAAENyEAAP,20.06.2014,Dzielnica Wawer,sosna pospolita,Pinus sylvestris,D383600,102,12,2001,1,AAKG9OAAFAAENyEAAP,http://mapa.um.warszawa.pl/mvimages/san13/fig/752_fig_7405038_S14_1_1.png,1,7514859.8738,5780845.4649
AAKG9OAAFAAENztAAn,20.06.2014,Dzielnica Wawer,klon srebrzysty,Acer saccharinum,D382867,127,13,2001,1,AAKG9OAAFAAENztAAn,http://mapa.um.warszawa.pl/mvimages/san13/fig/752_fig_7405038_S1C_1_1.png,1,7514696.8648,5781136.6476
AAKG9OAAFAAENzJAAM,20.06.2014,Dzielnica Wawer,jarząb szwedzki,Sorbus intermedia,D382861,"46, 39, 38, 45, 37",7,2001,1,AAKG9OAAFAAENzJAAM,http://mapa.um.warszawa.pl/mvimages/san13/fig/752_fig_7405038_S14_1_1.png,1,7514698.1267,5781154.158
AAKG9OAAFAAENzJAAN,20.06.2014,Dzielnica Wawer,jarząb szwedzki,Sorbus intermedia,D382862,"32, 27, 23, 32, 19",5,2001,1,AAKG9OAAFAAENzJAAN,http://mapa.um.warszawa.pl/mvimages/san13/fig/752_fig_7405038_S14_1_1.png,1,7514702.2283,5781147.848
AAKG9OAAFAAENy7AAQ,20.06.2014,Dzielnica Wawer,wiąz polny,Ulmus minor,D382469,25,7,2001,1,AAKG9OAAFAAENy7AAQ,http://mapa.um.warszawa.pl/mvimages/san13/fig/752_fig_7405038_S1B_1_1.png,1,7514711.5425,5781134.32
AAKG9OAAFAAENy7AAP,20.06.2014,Dzielnica Wawer,wiąz polny,Ulmus minor,D382468,"28, 17",7,2001,1,AAKG9OAAFAAENy7AAP,http://mapa.um.warszawa.pl/mvimages/san13/fig/752_fig_7405038_S1F_1_1.png,1,7514713.6856,5781132.8119
AAKG9OAAFAAENy7AAO,20.06.2014,Dzielnica Wawer,wiąz polny,Ulmus minor,D382467,48,8,2001,1,AAKG9OAAFAAENy7AAO,http://mapa.um.warszawa.pl/mvimages/san13/fig/752_fig_7405038_S1F_1_1.png,1,7514713.9236,5781131.2243
AAKG9OAAFAAENy7AAN,20.06.2014,Dzielnica Wawer,wiąz szypułkowy,Ulmus laevis ,D382466,65,9,2001,1,AAKG9OAAFAAENy7AAN,http://mapa.um.warszawa.pl/mvimages/san13/fig/752_fig_7405038_S1F_1_1.png,1,7514714.7968,5781129.5575
AAKG9OAAFAAENy7AAM,20.06.2014,Dzielnica Wawer,klon srebrzysty,Acer saccharinum,D382465,45,7,2001,1,AAKG9OAAFAAENy7AAM,http://mapa.um.warszawa.pl/mvimages/san13/fig/752_fig_7405038_S1B_1_1.png,1,7514719.4006,5781119.3975
AAKG9OAAFAAENy7AAL,20.06.2014,Dzielnica Wawer,klon srebrzysty,Acer saccharinum,D382464,48,10,2001,1,AAKG9OAAFAAENy7AAL,http://mapa.um.warszawa.pl/mvimages/san13/fig/752_fig_7405038_S1B_1_1.png,1,7514721.1469,5781114.0793
AAKG9OAAFAAENy7AAR,20.06.2014,Dzielnica Wawer,dąb szypułkowy,Quercus robur,D382470,80,10,2001,1,AAKG9OAAFAAENy7AAR,http://mapa.um.warszawa.pl/mvimages/san13/fig/752_fig_7405038_S1C_1_1.png,1,7514723.1312,5781143.3688
AAKG9OAAFAAENztAAj,20.06.2014,Dzielnica Wawer,śliwa domowa,Prunus domestica,D382863,24,5,2001,1,AAKG9OAAFAAENztAAj,http://mapa.um.warszawa.pl/mvimages/san13/fig/752_fig_7405038_S1C_1_1.png,1,7514725.339,5781146.5466
AAKG9OAAFAAENzZAAM,20.06.2014,Dzielnica Wawer,żywotnik zachodni,Thuja occidentalis,D382881,10,3,2001,1,AAKG9OAAFAAENzZAAM,http://mapa.um.warszawa.pl/mvimages/san13/fig/752_fig_7405038_S1E_1_1.png,1,7514734.6173,5781150.3958
AAKG9OAAFAAENzZAAL,20.06.2014,Dzielnica Wawer,brzoza brodawkowata,Betula pendula,D382880,106,14,2001,2,AAKG9OAAFAAENzZAAL,http://mapa.um.warszawa.pl/mvimages/san13/fig/752_fig_7405038_S11_2_2.png,2,7514743.8778,5781155.2245
AAKG9OAAFAAENzZAAK,20.06.2014,Dzielnica Wawer,brzoza brodawkowata,Betula pendula,D382879,81,3,2001,1,AAKG9OAAFAAENzZAAK,http://mapa.um.warszawa.pl/mvimages/san13/fig/752_fig_7405038_S1C_1_1.png,1,7514746.5897,5781157.1427
AAKG9OAAFAAENzZAAN,20.06.2014,Dzielnica Wawer,brzoza brodawkowata,Betula pendula,D382882,58,10,2001,1,AAKG9OAAFAAENzZAAN,http://mapa.um.warszawa.pl/mvimages/san13/fig/752_fig_7405038_S14_1_1.png,1,7514756.247,5781173.613
AAKG9OAAFAAENzZAAJ,20.06.2014,Dzielnica Wawer,brzoza brodawkowata,Betula pendula,D382878,97,14,2001,2,AAKG9OAAFAAENzZAAJ,http://mapa.um.warszawa.pl/mvimages/san13/fig/752_fig_7405038_S11_2_2.png,2,7514759.2897,5781164.3526
AAKG9OAAFAAENzZAAO,20.06.2014,Dzielnica Wawer,klon srebrzysty,Acer saccharinum,D382883,234,15,2001,2,AAKG9OAAFAAENzZAAO,http://mapa.um.warszawa.pl/mvimages/san13/fig/752_fig_7405038_S12_2_2.png,2,7514763.2585,5781177.5818
AAKG9OAAFAAENzZAAP,20.06.2014,Dzielnica Wawer,klon srebrzysty,Acer saccharinum,D382884,234,12,2001,2,AAKG9OAAFAAENzZAAP,http://mapa.um.warszawa.pl/mvimages/san13/fig/752_fig_7405038_S15_2_2.png,2,7514769.9392,5781180.4262
AAKG9OAAFAAENzZAAI,20.06.2014,Dzielnica Wawer,brzoza brodawkowata,Betula pendula,D382877,105,16,2001,1,AAKG9OAAFAAENzZAAI,http://mapa.um.warszawa.pl/mvimages/san13/fig/752_fig_7405038_S1C_1_1.png,1,7514780.7871,5781174.3406
AAKG9OAAFAAENzZAAQ,20.06.2014,Dzielnica Wawer,jarząb pospolity ,Sorbus aucuparia,D382885,41,4,2001,1,AAKG9OAAFAAENzZAAQ,http://mapa.um.warszawa.pl/mvimages/san13/fig/752_fig_7405038_S1B_1_1.png,1,7514784.0945,5781187.3052
AAKG9OAAFAAENzZAAH,20.06.2014,Dzielnica Wawer,brzoza brodawkowata,Betula pendula,D382876,"70, 77, 105",16,2001,2,AAKG9OAAFAAENzZAAH,http://mapa.um.warszawa.pl/mvimages/san13/fig/752_fig_7405038_S11_2_2.png,2,7514785.6158,5781176.9203
AAKG9OAAFAAENzZAAG,20.06.2014,Zarząd Zieleni m.st. Warszawy,jarząb pospolity ,Sorbus aucuparia,D382875,"23, 19",3,2001,1,AAKG9OAAFAAENzZAAG,http://mapa.um.warszawa.pl/mvimages/san13/fig/752_fig_7405038_S1E_1_1.png,1,7514788.9841,5781178.6057
AAKG9OAAFAAENzZAAF,20.06.2014,Zarząd Zieleni m.st. Warszawy,jarząb pospolity ,Sorbus aucuparia,D382874,"25, 17",3,2001,1,AAKG9OAAFAAENzZAAF,http://mapa.um.warszawa.pl/mvimages/san13/fig/752_fig_7405038_S1E_1_1.png,1,7514790.1958,5781179.1217
AAKG9OAAFAAENzZAAV,20.06.2014,Dzielnica Wawer,jarząb pospolity ,Sorbus aucuparia,D382890,"41, 16",5,2001,1,AAKG9OAAFAAENzZAAV,http://mapa.um.warszawa.pl/mvimages/san13/fig/752_fig_7405038_S1E_1_1.png,1,7514792.495,5781181.0876
AAKG9OAAFAAENzZAAW,20.06.2014,Dzielnica Wawer,brzoza brodawkowata,Betula pendula,D382891,59,13,2001,1,AAKG9OAAFAAENzZAAW,http://mapa.um.warszawa.pl/mvimages/san13/fig/752_fig_7405038_S14_1_1.png,1,7514794.7441,5781182.4766
AAKG9OAAFAAENzZAAX,20.06.2014,Dzielnica Wawer,brzoza brodawkowata,Betula pendula,D382892,54,12,2001,1,AAKG9OAAFAAENzZAAX,http://mapa.um.warszawa.pl/mvimages/san13/fig/752_fig_7405038_S1B_1_1.png,1,7514794.8764,5781183.2703
AAKG9OAAFAAENzzAAK,20.06.2014,Zarząd Zieleni m.st. Warszawy,topola  sp.,Populus  sp.,D383715,182,18,2001,3,AAKG9OAAFAAENzzAAK,http://mapa.um.warszawa.pl/mvimages/san13/fig/752_fig_7405038_S16_3_3.png,3,7514932.2578,5781115.398
AAKG9OAAFAAENzzAAL,20.06.2014,Zarząd Zieleni m.st. Warszawy,topola  sp.,Populus  sp.,D383716,192,20,2001,4,AAKG9OAAFAAENzzAAL,http://mapa.um.warszawa.pl/mvimages/san13/fig/752_fig_7405038_S17_4_4.png,4,7514937.2957,5781117.1659
AAKG9OAAFAAENzzAAM,20.06.2014,Zarząd Zieleni m.st. Warszawy,topola  sp.,Populus  sp.,D383717,190,20,2001,4,AAKG9OAAFAAENzzAAM,http://mapa.um.warszawa.pl/mvimages/san13/fig/752_fig_7405038_S1H_4_4.png,4,7514941.112,5781120.0324
AAKG9OAAFAAENzzAAN,20.06.2014,Zarząd Zieleni m.st. Warszawy,topola  sp.,Populus  sp.,D383718,156,19,2001,3,AAKG9OAAFAAENzzAAN,http://mapa.um.warszawa.pl/mvimages/san13/fig/752_fig_7405038_S1A_3_3.png,3,7514945.2831,5781123.1303
AAKG9OAAFAAENzzAAO,20.06.2014,Zarząd Zieleni m.st. Warszawy,topola  sp.,Populus  sp.,D383719,219,21,2001,4,AAKG9OAAFAAENzzAAO,http://mapa.um.warszawa.pl/mvimages/san13/fig/752_fig_7405038_S1H_4_4.png,4,7514950.329,5781125.6613
AAKG9OAAFAAENzEAAG,20.06.2014,Dzielnica Wawer,klon pospolity,Acer platanoides,D382663,26,3,2001,1,AAKG9OAAFAAENzEAAG,http://mapa.um.warszawa.pl/mvimages/san13/fig/752_fig_7405038_S1F_1_1.png,1,7514691.7294,5781579.4815
AAKG9OAAnAAHzFmAAT,20.06.2014,Dzielnica Wawer,lipa drobnolistna,Tilia cordata,D381706,123,8,2001,1,AAKG9OAAnAAHzFmAAT,http://mapa.um.warszawa.pl/mvimages/san13/fig/752_fig_7405038_S1C_1_1.png,1,7514695.7326,5781468.4895
AAKG9OAAnAAHzFmAAV,20.06.2014,Dzielnica Wawer,lipa drobnolistna,Tilia cordata,D381708,111,7,2001,1,AAKG9OAAnAAHzFmAAV,http://mapa.um.warszawa.pl/mvimages/san13/fig/752_fig_7405038_S14_1_1.png,1,7514696.3828,5781476.1287
AAKG9OAAnAAHzFmAAX,20.06.2014,Dzielnica Wawer,lipa drobnolistna,Tilia cordata,D381710,122,11,2001,2,AAKG9OAAnAAHzFmAAX,http://mapa.um.warszawa.pl/mvimages/san13/fig/752_fig_7405038_S15_2_2.png,2,7514704.1303,5781477.1041
AAKG9OAAFAAENzEAAH,20.06.2014,Dzielnica Wawer,wiśnia karłowata,Prunus fruticosa,D382664,25,3,2001,1,AAKG9OAAFAAENzEAAH,http://mapa.um.warszawa.pl/mvimages/san13/fig/752_fig_7405038_S1E_1_1.png,1,7514704.9189,5781582.4449
AAKG9OAAnAAHzFmAAW,20.06.2014,Dzielnica Wawer,lipa drobnolistna,Tilia cordata,D381709,98,7,2001,1,AAKG9OAAnAAHzFmAAW,http://mapa.um.warszawa.pl/mvimages/san13/fig/752_fig_7405038_S1C_1_1.png,1,7514705.5931,5781470.2773
AAKG9OAAFAAENzEAAI,20.06.2014,Dzielnica Wawer,wiśnia karłowata,Prunus fruticosa,D382665,22,3,2001,1,AAKG9OAAFAAENzEAAI,http://mapa.um.warszawa.pl/mvimages/san13/fig/752_fig_7405038_S1E_1_1.png,1,7514710.7133,5781583.8737
AAKG9OAAnAAHzFWAAi,20.06.2014,Dzielnica Wawer,lipa drobnolistna,Tilia cordata,D381663,176,18,2001,2,AAKG9OAAnAAHzFWAAi,http://mapa.um.warszawa.pl/mvimages/san13/fig/752_fig_7405038_S11_2_2.png,2,7514721.2345,5781472.5662
AAKG9OAAFAAENzEAAJ,20.06.2014,Dzielnica Wawer,wiśnia karłowata,Prunus fruticosa,D382666,15,3,2001,1,AAKG9OAAFAAENzEAAJ,http://mapa.um.warszawa.pl/mvimages/san13/fig/752_fig_7405038_S1E_1_1.png,1,7514722.5401,5781586.255
AAKG9OAAnAAHzFWAAk,20.06.2014,Dzielnica Wawer,lipa drobnolistna,Tilia cordata,D381665,156,8,2001,2,AAKG9OAAnAAHzFWAAk,http://mapa.um.warszawa.pl/mvimages/san13/fig/752_fig_7405038_S11_2_2.png,2,7514727.7842,5781482.4548
AAKG9OAAFAAENzEAAK,24.09.2015,Dzielnica Wawer,klon srebrzysty,Acer saccharinum,D382667,196,18,2001,3,AAKG9OAAFAAENzEAAK,http://mapa.um.warszawa.pl/mvimages/san13/fig/752_fig_7405038_S1G_3_3.png,3,7514728.242,5781587.6969
AAKG9OAAnAAHzFWAAj,20.06.2014,Dzielnica Wawer,lipa drobnolistna,Tilia cordata,D381664,90,8,2001,1,AAKG9OAAnAAHzFWAAj,http://mapa.um.warszawa.pl/mvimages/san13/fig/752_fig_7405038_S1B_1_1.png,1,7514728.8116,5781474.3641
AAKG9OAAnAAHzFWAAl,20.06.2014,Dzielnica Wawer,lipa drobnolistna,Tilia cordata,D381666,90,14,2001,2,AAKG9OAAnAAHzFWAAl,http://mapa.um.warszawa.pl/mvimages/san13/fig/752_fig_7405038_S15_2_2.png,2,7514735.2208,5781483.4701
AAKG9OAAnAAHzFWAAm,20.06.2014,Dzielnica Wawer,lipa drobnolistna,Tilia cordata,D381667,150,8,2001,2,AAKG9OAAnAAHzFWAAm,http://mapa.um.warszawa.pl/mvimages/san13/fig/752_fig_7405038_S11_2_2.png,2,7514737.8214,5781475.5238
AAKG9OAAFAAENyrAAG,20.06.2014,Dzielnica Wawer,klon jawor,Acer pseudoplatanus,D388370,146,14,2001,2,AAKG9OAAFAAENyrAAG,http://mapa.um.warszawa.pl/mvimages/san13/fig/752_fig_7405038_S11_2_2.png,2,7514738.452,5781589.8291
AAKG9OAAnAAHzFWAAn,20.06.2014,Dzielnica Wawer,lipa drobnolistna,Tilia cordata,D381668,75,8,2001,2,AAKG9OAAnAAHzFWAAn,http://mapa.um.warszawa.pl/mvimages/san13/fig/752_fig_7405038_S11_2_2.png,2,7514741.5778,5781484.4815
AAKG9OAAnAAHzFWAAo,20.06.2014,Dzielnica Wawer,lipa drobnolistna,Tilia cordata,D381669,103,10,2001,2,AAKG9OAAnAAHzFWAAo,http://mapa.um.warszawa.pl/mvimages/san13/fig/752_fig_7405038_S15_2_2.png,2,7514743.8894,5781478.1966
AAKG9OAAnAAHzFWAAp,20.06.2014,Dzielnica Wawer,lipa szerokolistna,Tilia platyphyllos,D381670,74,10,2001,1,AAKG9OAAnAAHzFWAAp,http://mapa.um.warszawa.pl/mvimages/san13/fig/752_fig_7405038_S1C_1_1.png,1,7514752.2691,5781479.0636
AAKG9OAAnAAHzFaAAA,20.06.2014,Dzielnica Wawer,lipa drobnolistna,Tilia cordata,D381671,117,7,2001,2,AAKG9OAAnAAHzFaAAA,http://mapa.um.warszawa.pl/mvimages/san13/fig/752_fig_7405038_S15_2_2.png,2,7514757.398,5781488.888
AAKG9OAAFAAENy5AAc,20.06.2014,Dzielnica Wawer,klon jesionolistny,Acer negundo,D381907,144,13,2001,1,AAKG9OAAFAAENy5AAc,http://mapa.um.warszawa.pl/mvimages/san13/fig/752_fig_7405038_S1C_1_1.png,1,7514758.9738,5781655.9564
AAKG9OAAnAAHzFaAAB,20.06.2014,Dzielnica Wawer,lipa drobnolistna,Tilia cordata,D381672,97,12,2001,2,AAKG9OAAnAAHzFaAAB,http://mapa.um.warszawa.pl/mvimages/san13/fig/752_fig_7405038_S15_2_2.png,2,7514759.6375,5781480.9418
AAKG9OAAnAAHzFaAAD,20.06.2014,Dzielnica Wawer,lipa drobnolistna,Tilia cordata,D381674,114,8,2001,2,AAKG9OAAnAAHzFaAAD,http://mapa.um.warszawa.pl/mvimages/san13/fig/752_fig_7405038_S15_2_2.png,2,7514766.0669,5781490.1161
AAKG9OAAnAAHzFaAAC,20.06.2014,Dzielnica Wawer,klon srebrzysty,Acer saccharinum,D381673,131,17,2001,2,AAKG9OAAnAAHzFaAAC,http://mapa.um.warszawa.pl/mvimages/san13/fig/752_fig_7405038_S11_2_2.png,2,7514766.5724,5781481.1585
AAKG9OAAnAAHzFaAAE,20.06.2014,Dzielnica Wawer,lipa drobnolistna,Tilia cordata,D381675,137,7,2001,3,AAKG9OAAnAAHzFaAAE,http://mapa.um.warszawa.pl/mvimages/san13/fig/752_fig_7405038_S1G_3_3.png,3,7514773.3629,5781492.0666
AAKG9OAAnAAHzFaAAF,20.06.2014,Dzielnica Wawer,lipa drobnolistna,Tilia cordata,D381676,132,8,2001,2,AAKG9OAAnAAHzFaAAF,http://mapa.um.warszawa.pl/mvimages/san13/fig/752_fig_7405038_S15_2_2.png,2,7514775.6745,5781484.3371
AAKG9OAAFAAENz7AAT,20.06.2014,Dzielnica Wawer,jarząb pospolity ,Sorbus aucuparia,D382655,5,3,2001,1,AAKG9OAAFAAENz7AAT,http://mapa.um.warszawa.pl/mvimages/san13/fig/752_fig_7405038_S1E_1_1.png,1,7514778.3277,5781565.4057
AAKG9OAAFAAENz7AAU,20.06.2014,Dzielnica Wawer,jarząb szwedzki,Sorbus intermedia,D382656,16,3,2001,1,AAKG9OAAFAAENz7AAU,http://mapa.um.warszawa.pl/mvimages/san13/fig/752_fig_7405038_S1E_1_1.png,1,7514780.1799,5781557.6006
AAKG9OAAnAAHzFaAAH,20.06.2014,Dzielnica Wawer,lipa drobnolistna,Tilia cordata,D381678,121,8,2001,1,AAKG9OAAnAAHzFaAAH,http://mapa.um.warszawa.pl/mvimages/san13/fig/752_fig_7405038_S1C_1_1.png,1,7514781.0924,5781493.5836
AAKG9OAAFAAENz7AAV,20.06.2014,Dzielnica Wawer,jarząb szwedzki,Sorbus intermedia,D382657,14,3,2001,1,AAKG9OAAFAAENz7AAV,http://mapa.um.warszawa.pl/mvimages/san13/fig/752_fig_7405038_S1E_1_1.png,1,7514781.3043,5781549.5968
AAKG9OAAFAAENz7AAW,20.06.2014,Dzielnica Wawer,jarząb szwedzki,Sorbus intermedia,D382658,17,3,2001,1,AAKG9OAAFAAENz7AAW,http://mapa.um.warszawa.pl/mvimages/san13/fig/752_fig_7405038_S1E_1_1.png,1,7514783.1564,5781542.1222
AAKG9OAAnAAHzFaAAG,20.06.2014,Dzielnica Wawer,lipa drobnolistna,Tilia cordata,D381677,126,13,2001,2,AAKG9OAAnAAHzFaAAG,http://mapa.um.warszawa.pl/mvimages/san13/fig/752_fig_7405038_S11_2_2.png,2,7514783.5485,5781485.7818
AAKG9OAAFAAENzRAAj,20.06.2014,Dzielnica Wawer,jodła pospolita,Abies alba,D382378,37,7,2001,1,AAKG9OAAFAAENzRAAj,http://mapa.um.warszawa.pl/mvimages/san13/fig/752_fig_7405038_S1B_1_1.png,1,7514623.9413,5781660.4234
AAKG9OAAFAAENzRAAk,20.06.2014,Dzielnica Wawer,wierzba babilońska,Salix babylonica,D382379,32,4,2001,1,AAKG9OAAFAAENzRAAk,http://mapa.um.warszawa.pl/mvimages/san13/fig/752_fig_7405038_S1B_1_1.png,1,7514628.9815,5781662.1697
AAKG9OAAFAAENzRAAl,20.06.2014,Dzielnica Wawer,jarząb pospolity ,Sorbus aucuparia,D382380,"25, 13",3,2001,1,AAKG9OAAFAAENzRAAl,http://mapa.um.warszawa.pl/mvimages/san13/fig/752_fig_7405038_S1F_1_1.png,1,7514644.9359,5781664.0745
AAKG9OAAFAAENy5AAb,20.06.2014,Dzielnica Wawer,klon jesionolistny,Acer negundo,D381906,231,15,2001,2,AAKG9OAAFAAENy5AAb,http://mapa.um.warszawa.pl/mvimages/san13/fig/752_fig_7405038_S12_2_2.png,2,7514754.0129,5781674.4905
AAKG9OAAFAAENy5AAd,20.06.2014,Dzielnica Wawer,robinia  sp.,Robinia  sp.,D381908,52,12,2001,1,AAKG9OAAFAAENy5AAd,http://mapa.um.warszawa.pl/mvimages/san13/fig/752_fig_7405038_S1B_1_1.png,1,7514759.7676,5781683.2218
AAKG9OAAFAAENy5AAe,20.06.2014,Dzielnica Wawer,robinia  sp.,Robinia  sp.,D381909,67,12,2001,1,AAKG9OAAFAAENy5AAe,http://mapa.um.warszawa.pl/mvimages/san13/fig/752_fig_7405038_S1B_1_1.png,1,7514759.4898,5781684.968
AAKG9OAAFAAENy5AAg,20.06.2014,Dzielnica Wawer,klon jesionolistny,Acer negundo,D381911,157,14,2001,3,AAKG9OAAFAAENy5AAg,http://mapa.um.warszawa.pl/mvimages/san13/fig/752_fig_7405038_S10_3_3.png,3,7514761.1964,5781693.5406
AAKG9OAAFAAENy5AAf,20.06.2014,Dzielnica Wawer,robinia  sp.,Robinia  sp.,D381910,75,15,2001,1,AAKG9OAAFAAENy5AAf,http://mapa.um.warszawa.pl/mvimages/san13/fig/752_fig_7405038_S14_1_1.png,1,7514761.4345,5781698.6999
AAKG9OAAFAAENy3AAQ,20.06.2014,Dzielnica Wawer,jarząb pospolity ,Sorbus aucuparia,D381918,23,4,2001,1,AAKG9OAAFAAENy3AAQ,http://mapa.um.warszawa.pl/mvimages/san13/fig/752_fig_7405038_S1E_1_1.png,1,7514855.5378,5781706.8385
AAKG9OAAFAAENy5AAm,20.06.2014,Dzielnica Wawer,jarząb pospolity ,Sorbus aucuparia,D381917,19,4,2001,1,AAKG9OAAFAAENy5AAm,http://mapa.um.warszawa.pl/mvimages/san13/fig/752_fig_7405038_S1E_1_1.png,1,7514857.0457,5781706.9973
AAKG9OAAFAAENy5AAk,20.06.2014,Dzielnica Wawer,sosna pospolita,Pinus sylvestris,D381915,"80, 70",10,2001,1,AAKG9OAAFAAENy5AAk,http://mapa.um.warszawa.pl/mvimages/san13/fig/752_fig_7405038_S1C_1_1.png,1,7514862.2846,5781717.7129
AAKG9OAAFAAENy5AAl,20.06.2014,Dzielnica Wawer,robinia  sp.,Robinia  sp.,D381916,22,6,2001,1,AAKG9OAAFAAENy5AAl,http://mapa.um.warszawa.pl/mvimages/san13/fig/752_fig_7405038_S1B_1_1.png,1,7514863.2371,5781718.9036
AAKG9OAAFAAENy5AAj,20.06.2014,Dzielnica Wawer,sosna pospolita,Pinus sylvestris,D381914,14,12,2001,2,AAKG9OAAFAAENy5AAj,http://mapa.um.warszawa.pl/mvimages/san13/fig/752_fig_7405038_S15_2_2.png,2,7514877.0484,5781720.9673
AAKG9OAAFAAENy5AAh,20.06.2014,Dzielnica Wawer,sosna pospolita,Pinus sylvestris,D381912,65,11,2001,1,AAKG9OAAFAAENy5AAh,http://mapa.um.warszawa.pl/mvimages/san13/fig/752_fig_7405038_S1F_1_1.png,1,7514886.0971,5781721.7611
AAKG9OAAFAAENy5AAi,20.06.2014,Dzielnica Wawer,sosna pospolita,Pinus sylvestris,D381913,115,12,2001,1,AAKG9OAAFAAENy5AAi,http://mapa.um.warszawa.pl/mvimages/san13/fig/752_fig_7405038_S14_1_1.png,1,7514884.589,5781722.9517
AAKG9OAAFAAENy5AAU,20.06.2014,Dzielnica Wawer,klon srebrzysty,Acer saccharinum,D381899,11,15,2001,3,AAKG9OAAFAAENy5AAU,http://mapa.um.warszawa.pl/mvimages/san13/fig/752_fig_7405038_S10_3_3.png,3,7514951.732,5781736.7715
AAKG9OAAFAAENzhAAC,02.10.2015,Dzielnica Wawer,brzoza brodawkowata,Betula pendula,D382407,104,20,2001,3,AAKG9OAAFAAENzhAAC,http://mapa.um.warszawa.pl/mvimages/san13/fig/752_fig_7405038_S1A_3_3.png,3,7514998.1281,5781746.7474
AAKG9OAAFAAENyUAAl,20.06.2014,Dzielnica Wawer,klon srebrzysty,Acer saccharinum,D382537,133,13,2001,1,AAKG9OAAFAAENyUAAl,http://mapa.um.warszawa.pl/mvimages/san13/fig/752_fig_7405038_S1C_1_1.png,1,7514633.3413,5781257.2008
AAKG9OAAFAAENyUAAk,20.06.2014,Dzielnica Wawer,klon srebrzysty,Acer saccharinum,D382536,152,15,2001,2,AAKG9OAAFAAENyUAAk,http://mapa.um.warszawa.pl/mvimages/san13/fig/752_fig_7405038_S15_2_2.png,2,7514639.2283,5781260.4421
AAKG9OAAFAAENyUAAn,20.06.2014,Dzielnica Wawer,klon srebrzysty,Acer saccharinum,D382539,247,19,2001,3,AAKG9OAAFAAENyUAAn,http://mapa.um.warszawa.pl/mvimages/san13/fig/752_fig_7405038_S1G_3_3.png,3,7514631.2908,5781262.0957
AAKG9OAAFAAENyUAAj,20.06.2014,Dzielnica Wawer,klon srebrzysty,Acer saccharinum,D382535,202,15,2001,2,AAKG9OAAFAAENyUAAj,http://mapa.um.warszawa.pl/mvimages/san13/fig/752_fig_7405038_S15_2_2.png,2,7514647.3642,5781263.3524
AAKG9OAAFAAENyUAAo,20.06.2014,Dzielnica Wawer,klon srebrzysty,Acer saccharinum,D382540,74,12,2001,2,AAKG9OAAFAAENyUAAo,http://mapa.um.warszawa.pl/mvimages/san13/fig/752_fig_7405038_S15_2_2.png,2,7514637.2173,5781264.9533
AAKG9OAAFAAENyUAAm,20.06.2014,Dzielnica Wawer,klon srebrzysty,Acer saccharinum,D382538,118,14,2001,2,AAKG9OAAFAAENyUAAm,http://mapa.um.warszawa.pl/mvimages/san13/fig/752_fig_7405038_S15_2_2.png,2,7514645.5122,5781266.8583
AAKG9OAAFAAENyIAAe,20.06.2014,Dzielnica Wawer,śliwa domowa,Prunus domestica,D382507,"23, 14",3,2001,1,AAKG9OAAFAAENyIAAe,http://mapa.um.warszawa.pl/mvimages/san13/fig/752_fig_7405038_S1B_1_1.png,1,7514628.3471,5781267.8527
AAKG9OAAFAAENyIAAd,20.06.2014,Dzielnica Wawer,klon srebrzysty,Acer saccharinum,D382506,184,15,2001,2,AAKG9OAAFAAENyIAAd,http://mapa.um.warszawa.pl/mvimages/san13/fig/752_fig_7405038_S12_2_2.png,2,7514628.1488,5781269.0434
AAKG9OAAFAAENyIAAh,20.06.2014,Dzielnica Wawer,klon srebrzysty,Acer saccharinum,D382510,211,15,2001,3,AAKG9OAAFAAENyIAAh,http://mapa.um.warszawa.pl/mvimages/san13/fig/752_fig_7405038_S1G_3_3.png,3,7514631.6545,5781272.2843
AAKG9OAAFAAENyIAAf,20.06.2014,Dzielnica Wawer,klon srebrzysty,Acer saccharinum,D382508,165,15,2001,2,AAKG9OAAFAAENyIAAf,http://mapa.um.warszawa.pl/mvimages/san13/fig/752_fig_7405038_S15_2_2.png,2,7514624.1138,5781275.9225
AAKG9OAAFAAENyIAAg,20.06.2014,Dzielnica Wawer,klon srebrzysty,Acer saccharinum,D382509,169,13,2001,2,AAKG9OAAFAAENyIAAg,http://mapa.um.warszawa.pl/mvimages/san13/fig/752_fig_7405038_S11_2_2.png,2,7514629.3394,5781278.7006
AAKG9OAAFAAENyIAAi,20.06.2014,Dzielnica Wawer,klon srebrzysty,Acer saccharinum,D382511,116,10,2001,1,AAKG9OAAFAAENyIAAi,http://mapa.um.warszawa.pl/mvimages/san13/fig/752_fig_7405038_S14_1_1.png,1,7514637.9715,5781278.7999
AAKG9OAAFAAENyIAAj,20.06.2014,Dzielnica Wawer,klon srebrzysty,Acer saccharinum,D382512,187,12,2001,2,AAKG9OAAFAAENyIAAj,http://mapa.um.warszawa.pl/mvimages/san13/fig/752_fig_7405038_S11_2_2.png,2,7514635.3522,5781283.9592
AAKG9OAAFAAENyIAAn,20.06.2014,Dzielnica Wawer,klon srebrzysty,Acer saccharinum,D382516,147,15,2001,2,AAKG9OAAFAAENyIAAn,http://mapa.um.warszawa.pl/mvimages/san13/fig/752_fig_7405038_S15_2_2.png,2,7514617.3008,5781284.5214
AAKG9OAAFAAENyIAAk,20.06.2014,Dzielnica Wawer,klon srebrzysty,Acer saccharinum,D382513,188,14,2001,1,AAKG9OAAFAAENyIAAk,http://mapa.um.warszawa.pl/mvimages/san13/fig/752_fig_7405038_S1C_1_1.png,1,7514623.7171,5781287.3657
AAKG9OAAFAAENyIAAm,20.06.2014,Dzielnica Wawer,klon srebrzysty,Acer saccharinum,D382515,90,8,2001,1,AAKG9OAAFAAENyIAAm,http://mapa.um.warszawa.pl/mvimages/san13/fig/752_fig_7405038_S14_1_1.png,1,7514613.3652,5781289.4361
AAKG9OAAFAAENyIAAl,20.06.2014,Dzielnica Wawer,klon srebrzysty,Acer saccharinum,D382514,125,13,2001,1,AAKG9OAAFAAENyIAAl,http://mapa.um.warszawa.pl/mvimages/san13/fig/752_fig_7405038_S1C_1_1.png,1,7514618.2864,5781294.3573
AAKG9OAAFAAENy7AAk,20.06.2014,Dzielnica Wawer,klon srebrzysty,Acer saccharinum,D382491,133,13,2001,1,AAKG9OAAFAAENy7AAk,http://mapa.um.warszawa.pl/mvimages/san13/fig/752_fig_7405038_S14_1_1.png,1,7514610.0315,5781297.2148
AAKG9OAAFAAENyIAAW,20.06.2014,Dzielnica Wawer,klon srebrzysty,Acer saccharinum,D382499,139,12,2001,1,AAKG9OAAFAAENyIAAW,http://mapa.um.warszawa.pl/mvimages/san13/fig/752_fig_7405038_S1C_1_1.png,1,7514625.7477,5781299.1199
AAKG9OAAFAAENy7AAj,20.06.2014,Dzielnica Wawer,klon srebrzysty,Acer saccharinum,D382490,88,13,2001,1,AAKG9OAAFAAENy7AAj,http://mapa.um.warszawa.pl/mvimages/san13/fig/752_fig_7405038_S14_1_1.png,1,7514613.6827,5781301.5806
AAKG9OAAFAAENyIAAo,20.06.2014,Dzielnica Wawer,klon srebrzysty,Acer saccharinum,D382517,147,15,2001,2,AAKG9OAAFAAENyIAAo,http://mapa.um.warszawa.pl/mvimages/san13/fig/752_fig_7405038_S11_2_2.png,2,7514605.5996,5781304.1469
AAKG9OAAFAAENyIAAX,20.06.2014,Dzielnica Wawer,klon srebrzysty,Acer saccharinum,D382500,114,12,2001,1,AAKG9OAAFAAENyIAAX,http://mapa.um.warszawa.pl/mvimages/san13/fig/752_fig_7405038_S1C_1_1.png,1,7514622.5727,5781304.6761
AAKG9OAAFAAENyMAAA,20.06.2014,Dzielnica Wawer,klon srebrzysty,Acer saccharinum,D382518,84,11,2001,1,AAKG9OAAFAAENyMAAA,http://mapa.um.warszawa.pl/mvimages/san13/fig/752_fig_7405038_S14_1_1.png,1,7514611.5263,5781306.7399
AAKG9OAAFAAENyIAAP,20.06.2014,Dzielnica Wawer,klon srebrzysty,Acer saccharinum,D382492,283,18,2001,2,AAKG9OAAFAAENyIAAP,http://mapa.um.warszawa.pl/mvimages/san13/fig/752_fig_7405038_S12_2_2.png,2,7514603.4434,5781309.1211
AAKG9OAAFAAENyIAAY,20.06.2014,Dzielnica Wawer,klon srebrzysty,Acer saccharinum,D382501,107,12,2001,1,AAKG9OAAFAAENyIAAY,http://mapa.um.warszawa.pl/mvimages/san13/fig/752_fig_7405038_S1C_1_1.png,1,7514618.5245,5781310.8674
AAKG9OAAFAAENyIAAQ,20.06.2014,Dzielnica Wawer,klon srebrzysty,Acer saccharinum,D382493,73,9,2001,1,AAKG9OAAFAAENyIAAQ,http://mapa.um.warszawa.pl/mvimages/san13/fig/752_fig_7405038_S14_1_1.png,1,7514608.047,5781313.2485
AAKG9OAAFAAENyIAAa,20.06.2014,Dzielnica Wawer,klon srebrzysty,Acer saccharinum,D382503,134,12,2001,2,AAKG9OAAFAAENyIAAa,http://mapa.um.warszawa.pl/mvimages/san13/fig/752_fig_7405038_S11_2_2.png,2,7514614.1855,5781317.7466
AAKG9OAAFAAENyIAAR,20.06.2014,Dzielnica Wawer,klon jesionolistny,Acer negundo,D382494,79,8,2001,1,AAKG9OAAFAAENyIAAR,http://mapa.um.warszawa.pl/mvimages/san13/fig/752_fig_7405038_S14_1_1.png,1,7514603.6814,5781319.5193
AAKG9OAAFAAENyIAAZ,20.06.2014,Dzielnica Wawer,klon jesionolistny,Acer negundo,D382502,54,6,2001,1,AAKG9OAAFAAENyIAAZ,http://mapa.um.warszawa.pl/mvimages/san13/fig/752_fig_7405038_S1B_1_1.png,1,7514614.9527,5781320.2336
AAKG9OAAFAAENyIAAb,20.06.2014,Dzielnica Wawer,klon jesionolistny,Acer negundo,D382504,"48, 37",6,2001,1,AAKG9OAAFAAENyIAAb,http://mapa.um.warszawa.pl/mvimages/san13/fig/752_fig_7405038_S1C_1_1.png,1,7514612.4127,5781323.8849
AAKG9OAAFAAENyIAAV,20.06.2014,Dzielnica Wawer,klon srebrzysty,Acer saccharinum,D382498,128,11,2001,1,AAKG9OAAFAAENyIAAV,http://mapa.um.warszawa.pl/mvimages/san13/fig/752_fig_7405038_S14_1_1.png,1,7514592.807,5781324.6787
AAKG9OAAFAAENyQAAW,20.06.2014,Dzielnica Wawer,klon srebrzysty,Acer saccharinum,D383629,108,10,2001,2,AAKG9OAAFAAENyQAAW,http://mapa.um.warszawa.pl/mvimages/san13/fig/752_fig_7405038_S12_2_2.png,2,7514757.4523,5780757.2524
AAKG9OAAFAAENyCAAJ,20.06.2014,Dzielnica Wawer,brzoza brodawkowata,Betula pendula,D382984,16,2,2001,1,AAKG9OAAFAAENyCAAJ,http://mapa.um.warszawa.pl/mvimages/san13/fig/752_fig_7405038_S1E_1_1.png,1,7514761.858,5780748.2517
AAKG9OAAFAAENyCAAK,20.06.2014,Dzielnica Wawer,lipa szerokolistna,Tilia platyphyllos,D382985,10,3,2001,1,AAKG9OAAFAAENyCAAK,http://mapa.um.warszawa.pl/mvimages/san13/fig/752_fig_7405038_S1F_1_1.png,1,7514763.6283,5780745.847
AAKG9OAAFAAENyCAAL,20.06.2014,Dzielnica Wawer,lipa szerokolistna,Tilia platyphyllos,D382986,15,3,2001,1,AAKG9OAAFAAENyCAAL,http://mapa.um.warszawa.pl/mvimages/san13/fig/752_fig_7405038_S1F_1_1.png,1,7514765.3245,5780743.8632
AAKG9OAAFAAENyCAAM,20.06.2014,Dzielnica Wawer,lipa szerokolistna,Tilia platyphyllos,D382987,10,3,2001,1,AAKG9OAAFAAENyCAAM,http://mapa.um.warszawa.pl/mvimages/san13/fig/752_fig_7405038_S1F_1_1.png,1,7514768.1864,5780739.8471
AAKG9OAAFAAENyCAAN,20.06.2014,Dzielnica Wawer,lipa szerokolistna,Tilia platyphyllos,D382988,8,4,2001,1,AAKG9OAAFAAENyCAAN,http://mapa.um.warszawa.pl/mvimages/san13/fig/752_fig_7405038_S1E_1_1.png,1,7514771.8592,5780734.3724
AAKG9OAAFAAENyCAAO,20.06.2014,Dzielnica Wawer,lipa szerokolistna,Tilia platyphyllos,D382989,8,3,2001,1,AAKG9OAAFAAENyCAAO,http://mapa.um.warszawa.pl/mvimages/san13/fig/752_fig_7405038_S1F_1_1.png,1,7514773.8708,5780731.2769
AAKG9OAAFAAENyCAAP,20.06.2014,Dzielnica Wawer,klon srebrzysty,Acer saccharinum,D382990,187,14,2001,3,AAKG9OAAFAAENyCAAP,http://mapa.um.warszawa.pl/mvimages/san13/fig/752_fig_7405038_S10_3_3.png,3,7514775.2236,5780727.5864
AAKG9OAAFAAENyCAAQ,20.06.2014,Dzielnica Wawer,klon srebrzysty,Acer saccharinum,D382991,179,17,2001,3,AAKG9OAAFAAENyCAAQ,http://mapa.um.warszawa.pl/mvimages/san13/fig/752_fig_7405038_S10_3_3.png,3,7514783.7842,5780715.4291
AAKG9OAAFAAENyCAAR,20.06.2014,Dzielnica Wawer,klon srebrzysty,Acer saccharinum,D382992,106,12,2001,2,AAKG9OAAFAAENyCAAR,http://mapa.um.warszawa.pl/mvimages/san13/fig/752_fig_7405038_S15_2_2.png,2,7514787.9978,5780707.3483
AAKG9OAAFAAENyCAAT,20.06.2014,Dzielnica Wawer,klon  sp.,Acer  sp.,D382994,85,13,2001,2,AAKG9OAAFAAENyCAAT,http://mapa.um.warszawa.pl/mvimages/san13/fig/752_fig_7405038_S15_2_2.png,2,7514800.2976,5780724.4944
AAKG9OAAFAAENyCAAU,20.06.2014,Dzielnica Wawer,klon pospolity,Acer platanoides,D382995,115,15,2001,2,AAKG9OAAFAAENyCAAU,http://mapa.um.warszawa.pl/mvimages/san13/fig/752_fig_7405038_S12_2_2.png,2,7514802.8824,5780726.0494
AAKG9OAAFAAENyCAAV,20.06.2014,Dzielnica Wawer,klon pospolity,Acer platanoides,D382996,126,15,2001,3,AAKG9OAAFAAENyCAAV,http://mapa.um.warszawa.pl/mvimages/san13/fig/752_fig_7405038_S10_3_3.png,3,7514805.9989,5780728.0273
AAKG9OAAFAAENyCAAW,20.06.2014,Dzielnica Wawer,sosna pospolita,Pinus sylvestris,D382997,157,14,2001,2,AAKG9OAAFAAENyCAAW,http://mapa.um.warszawa.pl/mvimages/san13/fig/752_fig_7405038_S15_2_2.png,2,7514813.0738,5780732.1312
AAKG9OAAFAAENy7AAl,20.06.2014,Dzielnica Wawer,sosna pospolita,Pinus sylvestris,D382998,121,14,2001,2,AAKG9OAAFAAENy7AAl,http://mapa.um.warszawa.pl/mvimages/san13/fig/752_fig_7405038_S11_2_2.png,2,7514815.5862,5780734.4815
AAKG9OAAFAAENy7AAm,20.06.2014,Dzielnica Wawer,sosna pospolita,Pinus sylvestris,D382999,123,14,2001,2,AAKG9OAAFAAENy7AAm,http://mapa.um.warszawa.pl/mvimages/san13/fig/752_fig_7405038_S11_2_2.png,2,7514823.5401,5780738.5232
AAKG9OAAFAAENy7AAn,20.06.2014,Dzielnica Wawer,klon jesionolistny,Acer negundo,D383000,"34, 42, 28",13,2001,2,AAKG9OAAFAAENy7AAn,http://mapa.um.warszawa.pl/mvimages/san13/fig/752_fig_7405038_S11_2_2.png,2,7514827.1242,5780740.6508
AAKG9OAAnAAHzF9AAQ,20.06.2014,Dzielnica Wawer,klon srebrzysty,Acer saccharinum,D381611,131,11,2001,1,AAKG9OAAnAAHzF9AAQ,http://mapa.um.warszawa.pl/mvimages/san13/fig/752_fig_7405038_S14_1_1.png,1,7514560.7343,5781484.695
AAKG9OAAnAAHzF9AAP,20.06.2014,Dzielnica Wawer,klon srebrzysty,Acer saccharinum,D381610,131,13,2001,1,AAKG9OAAnAAHzF9AAP,http://mapa.um.warszawa.pl/mvimages/san13/fig/752_fig_7405038_S1C_1_1.png,1,7514562.1067,5781476.8931
AAKG9OAAnAAHzFKAAH,20.06.2014,Dzielnica Wawer,klon srebrzysty,Acer saccharinum,D381616,125,12,2001,2,AAKG9OAAnAAHzFKAAH,http://mapa.um.warszawa.pl/mvimages/san13/fig/752_fig_7405038_S11_2_2.png,2,7514563.3137,5781433.938
AAKG9OAAnAAHzFKAAJ,20.06.2014,Dzielnica Wawer,klon srebrzysty,Acer saccharinum,D381618,123,12,2001,2,AAKG9OAAnAAHzFKAAJ,http://mapa.um.warszawa.pl/mvimages/san13/fig/752_fig_7405038_S11_2_2.png,2,7514564.5599,5781427.1115
AAKG9OAAnAAHzF9AAO,20.06.2014,Dzielnica Wawer,klon srebrzysty,Acer saccharinum,D381609,194,9,2001,1,AAKG9OAAnAAHzF9AAO,http://mapa.um.warszawa.pl/mvimages/san13/fig/752_fig_7405038_S1B_1_1.png,1,7514564.6013,5781468.3331
AAKG9OAAFAAENyYAAA,20.06.2014,Dzielnica Wawer,klon srebrzysty,Acer saccharinum,D382541,21,14,2001,2,AAKG9OAAFAAENyYAAA,http://mapa.um.warszawa.pl/mvimages/san13/fig/752_fig_7405038_S15_2_2.png,2,7514565.9031,5781416.3449
AAKG9OAAFAAENyYAAB,20.06.2014,Dzielnica Wawer,topola czarna,Populus nigra,D382542,166,15,2001,1,AAKG9OAAFAAENyYAAB,http://mapa.um.warszawa.pl/mvimages/san13/fig/752_fig_7405038_S1C_1_1.png,1,7514568.3372,5781405.6557
AAKG9OAAnAAHzFKAAK,20.06.2014,Dzielnica Wawer,topola czarna,Populus nigra,D381619,121,15,2001,2,AAKG9OAAnAAHzFKAAK,http://mapa.um.warszawa.pl/mvimages/san13/fig/752_fig_7405038_S11_2_2.png,2,7514575.0706,5781440.6081
AAKG9OAAnAAHzFKAAN,20.06.2014,Dzielnica Wawer,lipa drobnolistna,Tilia cordata,D381622,97,8,2001,2,AAKG9OAAnAAHzFKAAN,http://mapa.um.warszawa.pl/mvimages/san13/fig/752_fig_7405038_S11_2_2.png,2,7514578.538,5781451.5523
AAKG9OAAnAAHzFKAAL,20.06.2014,Dzielnica Wawer,lipa drobnolistna,Tilia cordata,D381620,86,10,2001,2,AAKG9OAAnAAHzFKAAL,http://mapa.um.warszawa.pl/mvimages/san13/fig/752_fig_7405038_S11_2_2.png,2,7514580.4885,5781443.2087
AAKG9OAAnAAHzFKAAO,20.06.2014,Dzielnica Wawer,klon srebrzysty,Acer saccharinum,D381623,128,7,2001,2,AAKG9OAAnAAHzFKAAO,http://mapa.um.warszawa.pl/mvimages/san13/fig/752_fig_7405038_S15_2_2.png,2,7514585.7439,5781453.4485
AAKG9OAAnAAHzFKAAM,20.06.2014,Dzielnica Wawer,lipa drobnolistna,Tilia cordata,D381621,80,8,2001,1,AAKG9OAAnAAHzFKAAM,http://mapa.um.warszawa.pl/mvimages/san13/fig/752_fig_7405038_S1C_1_1.png,1,7514588.0736,5781445.105
AAKG9OAAnAAHzFKAAP,20.06.2014,Dzielnica Wawer,lipa drobnolistna,Tilia cordata,D381624,110,7,2001,1,AAKG9OAAnAAHzFKAAP,http://mapa.um.warszawa.pl/mvimages/san13/fig/752_fig_7405038_S1C_1_1.png,1,7514594.7917,5781454.8029
AAKG9OAAnAAHzFKAAQ,20.06.2014,Dzielnica Wawer,lipa drobnolistna,Tilia cordata,D381625,120,9,2001,1,AAKG9OAAnAAHzFKAAQ,http://mapa.um.warszawa.pl/mvimages/san13/fig/752_fig_7405038_S1C_1_1.png,1,7514602.2143,5781456.4284
AAKG9OAAnAAHzFKAAS,20.06.2014,Dzielnica Wawer,lipa drobnolistna,Tilia cordata,D381627,123,13,2001,2,AAKG9OAAnAAHzFKAAS,http://mapa.um.warszawa.pl/mvimages/san13/fig/752_fig_7405038_S11_2_2.png,2,7514603.3522,5781448.7892
AAKG9OAAnAAHzFKAAR,20.06.2014,Dzielnica Wawer,lipa drobnolistna,Tilia cordata,D381626,100,8,2001,1,AAKG9OAAnAAHzFKAAR,http://mapa.um.warszawa.pl/mvimages/san13/fig/752_fig_7405038_S1C_1_1.png,1,7514610.4497,5781458.0538
AAKG9OAAnAAHzFmAAF,20.06.2014,Dzielnica Wawer,lipa drobnolistna,Tilia cordata,D381692,146,6,2001,1,AAKG9OAAnAAHzFmAAF,http://mapa.um.warszawa.pl/mvimages/san13/fig/752_fig_7405038_S14_1_1.png,1,7514618.2389,5781459.6215
AAKG9OAAnAAHzFmAAG,20.06.2014,Dzielnica Wawer,lipa drobnolistna,Tilia cordata,D381693,116,7,2001,1,AAKG9OAAnAAHzFmAAG,http://mapa.um.warszawa.pl/mvimages/san13/fig/752_fig_7405038_S1C_1_1.png,1,7514626.4064,5781461.4501
AAKG9OAAnAAHzFmAAJ,20.06.2014,Dzielnica Wawer,lipa drobnolistna,Tilia cordata,D381696,105,11,2001,2,AAKG9OAAnAAHzFmAAJ,http://mapa.um.warszawa.pl/mvimages/san13/fig/752_fig_7405038_S11_2_2.png,2,7514626.4555,5781453.6263
AAKG9OAAnAAHzFmAAH,20.06.2014,Dzielnica Wawer,lipa drobnolistna,Tilia cordata,D381694,165,7,2001,1,AAKG9OAAnAAHzFmAAH,http://mapa.um.warszawa.pl/mvimages/san13/fig/752_fig_7405038_S14_1_1.png,1,7514632.7758,5781462.4863
AAKG9OAAnAAHzFmAAI,20.06.2014,Dzielnica Wawer,lipa drobnolistna,Tilia cordata,D381695,110,7,2001,1,AAKG9OAAnAAHzFmAAI,http://mapa.um.warszawa.pl/mvimages/san13/fig/752_fig_7405038_S14_1_1.png,1,7514644.3888,5781464.5164
AAKG9OAAnAAHzFmAAK,20.06.2014,Dzielnica Wawer,lipa drobnolistna,Tilia cordata,D381697,101,11,2001,1,AAKG9OAAnAAHzFmAAK,http://mapa.um.warszawa.pl/mvimages/san13/fig/752_fig_7405038_S1C_1_1.png,1,7514646.6102,5781457.8523
AAKG9OAAnAAHzFmAAL,20.06.2014,Dzielnica Wawer,lipa drobnolistna,Tilia cordata,D381698,97,7,2001,1,AAKG9OAAnAAHzFmAAL,http://mapa.um.warszawa.pl/mvimages/san13/fig/752_fig_7405038_S1C_1_1.png,1,7514649.8067,5781466.0333
AAKG9OAAnAAHzFmAAM,20.06.2014,Dzielnica Wawer,klon srebrzysty,Acer saccharinum,D381699,154,12,2001,2,AAKG9OAAnAAHzFmAAM,http://mapa.um.warszawa.pl/mvimages/san13/fig/752_fig_7405038_S15_2_2.png,2,7514657.7169,5781467.4962
AAKG9OAAnAAHzFmAAO,20.06.2014,Dzielnica Wawer,lipa drobnolistna,Tilia cordata,D381701,127,13,2001,2,AAKG9OAAnAAHzFmAAO,http://mapa.um.warszawa.pl/mvimages/san13/fig/752_fig_7405038_S11_2_2.png,2,7514658.5297,5781460.2903
AAKG9OAAnAAHzFmAAN,20.06.2014,Dzielnica Wawer,lipa drobnolistna,Tilia cordata,D381700,99,7,2001,1,AAKG9OAAnAAHzFmAAN,http://mapa.um.warszawa.pl/mvimages/san13/fig/752_fig_7405038_S1C_1_1.png,1,7514665.2478,5781469.0131
AAKG9OAAnAAHzFmAAP,20.06.2014,Dzielnica Wawer,lipa drobnolistna,Tilia cordata,D381702,174,15,2001,2,AAKG9OAAnAAHzFmAAP,http://mapa.um.warszawa.pl/mvimages/san13/fig/752_fig_7405038_S15_2_2.png,2,7514666.7106,5781461.7531
AAKG9OAAnAAHzFmAAQ,20.06.2014,Dzielnica Wawer,lipa drobnolistna,Tilia cordata,D381703,70,8,2001,1,AAKG9OAAnAAHzFmAAQ,http://mapa.um.warszawa.pl/mvimages/san13/fig/752_fig_7405038_S14_1_1.png,1,7514675.3613,5781462.313
AAKG9OAAnAAHzFmAAR,20.06.2014,Dzielnica Wawer,lipa drobnolistna,Tilia cordata,D381704,69,7,2001,2,AAKG9OAAnAAHzFmAAR,http://mapa.um.warszawa.pl/mvimages/san13/fig/752_fig_7405038_S11_2_2.png,2,7514682.6754,5781464.6969
AAKG9OAAnAAHzFmAAU,20.06.2014,Dzielnica Wawer,lipa drobnolistna,Tilia cordata,D381707,107,8,2001,1,AAKG9OAAnAAHzFmAAU,http://mapa.um.warszawa.pl/mvimages/san13/fig/752_fig_7405038_S1C_1_1.png,1,7514688.2017,5781474.2324
AAKG9OAAnAAHzFmAAS,20.06.2014,Dzielnica Wawer,lipa drobnolistna,Tilia cordata,D381705,90,8,2001,1,AAKG9OAAnAAHzFmAAS,http://mapa.um.warszawa.pl/mvimages/san13/fig/752_fig_7405038_S1C_1_1.png,1,7514690.4231,5781466.539
AAKG9OAAFAAENzdAAJ,20.06.2014,Dzielnica Wawer,śliwa domowa,Prunus domestica,D382900,"24, 11",4,2001,1,AAKG9OAAFAAENzdAAJ,http://mapa.um.warszawa.pl/mvimages/san13/fig/752_fig_7405038_S1F_1_1.png,1,7514301.7165,5782120.5959
AAKG9OAAFAAENzdAAK,20.06.2014,Dzielnica Wawer,topola czarna,Populus nigra,D382901,73,14,2001,1,AAKG9OAAFAAENzdAAK,http://mapa.um.warszawa.pl/mvimages/san13/fig/752_fig_7405038_S1F_1_1.png,1,7514320.0786,5782131.285
AAKG9OAAFAAENz4AAF,20.06.2014,Dzielnica Wawer,lipa drobnolistna,Tilia cordata,D382282,"61, 35, 32, 32, 31",6,2001,1,AAKG9OAAFAAENz4AAF,http://mapa.um.warszawa.pl/mvimages/san13/fig/752_fig_7405038_S14_1_1.png,1,7514108.3136,5782126.1924
AAKG9OAAFAAENzBAAh,20.06.2014,Dzielnica Wawer,sumak octowiec,Rhus typhina,D382294,"9, 7",2,2001,1,AAKG9OAAFAAENzBAAh,http://mapa.um.warszawa.pl/mvimages/san13/fig/752_fig_7405038_S1E_1_1.png,1,7514121.7413,5782084.2559
AAKG9OAAFAAENz4AAL,20.06.2014,Dzielnica Wawer,lipa drobnolistna,Tilia cordata,D382288,16,3,2001,1,AAKG9OAAFAAENz4AAL,http://mapa.um.warszawa.pl/mvimages/san13/fig/752_fig_7405038_S1F_1_1.png,1,7514122.0057,5782104.5627
AAKG9OAAFAAENz4AAJ,20.06.2014,Dzielnica Wawer,lipa drobnolistna,Tilia cordata,D382286,14,3,2001,1,AAKG9OAAFAAENz4AAJ,http://mapa.um.warszawa.pl/mvimages/san13/fig/752_fig_7405038_S1F_1_1.png,1,7514123.461,5782101.9169
AAKG9OAAFAAENzBAAi,20.06.2014,Dzielnica Wawer,sumak octowiec,Rhus typhina,D382295,"21, 18",4,2001,1,AAKG9OAAFAAENzBAAi,http://mapa.um.warszawa.pl/mvimages/san13/fig/752_fig_7405038_S14_1_1.png,1,7514124.5855,5782079.8373
AAKG9OAAnAAHzFBAAO,20.06.2014,Dzielnica Wawer,sosna pospolita,Pinus sylvestris,D379457,97,18,2001,1,AAKG9OAAnAAHzFBAAO,http://mapa.um.warszawa.pl/mvimages/san13/fig/752_fig_7405038_S1C_1_1.png,1,7514124.7677,5782205.8306
AAKG9OAAFAAENzBAAk,20.06.2014,Dzielnica Wawer,sumak octowiec,Rhus typhina,D382297,15,3,2001,1,AAKG9OAAFAAENzBAAk,http://mapa.um.warszawa.pl/mvimages/san13/fig/752_fig_7405038_S1B_1_1.png,1,7514125.3394,5782077.853
AAKG9OAAFAAENzBAAj,20.06.2014,Dzielnica Wawer,sumak octowiec,Rhus typhina,D382296,31,4,2001,1,AAKG9OAAFAAENzBAAj,http://mapa.um.warszawa.pl/mvimages/san13/fig/752_fig_7405038_S14_1_1.png,1,7514126.689,5782078.6469
AAKG9OAAFAAENz4AAK,20.06.2014,Dzielnica Wawer,głóg sp.,Crataegus sp.,D382287,41,3,2001,1,AAKG9OAAFAAENz4AAK,http://mapa.um.warszawa.pl/mvimages/san13/fig/752_fig_7405038_S1F_1_1.png,1,7514127.8929,5782094.5747
AAKG9OAAFAAENzBAAc,20.06.2014,Dzielnica Wawer,głóg sp.,Crataegus sp.,D382289,32,3,2001,1,AAKG9OAAFAAENzBAAc,http://mapa.um.warszawa.pl/mvimages/san13/fig/752_fig_7405038_S1F_1_1.png,1,7514131.7954,5782088.8862
AAKG9OAAFAAENzBAAd,20.06.2014,Dzielnica Wawer,sumak octowiec,Rhus typhina,D382290,8,2,2001,1,AAKG9OAAFAAENzBAAd,http://mapa.um.warszawa.pl/mvimages/san13/fig/752_fig_7405038_S1E_1_1.png,1,7514133.9782,5782085.7773
AAKG9OAAFAAENzBAAe,20.06.2014,Dzielnica Wawer,sumak octowiec,Rhus typhina,D382291,25,2,2001,1,AAKG9OAAFAAENzBAAe,http://mapa.um.warszawa.pl/mvimages/san13/fig/752_fig_7405038_S1B_1_1.png,1,7514134.7719,5782084.8513
AAKG9OAAFAAENzBAAf,20.06.2014,Dzielnica Wawer,lipa drobnolistna,Tilia cordata,D382292,"97, 73",13,2001,2,AAKG9OAAFAAENzBAAf,http://mapa.um.warszawa.pl/mvimages/san13/fig/752_fig_7405038_S15_2_2.png,2,7514136.8225,5782078.5674
AAKG9OAAFAAENzBAAg,20.06.2014,Dzielnica Wawer,lipa  sp.,Tilia  sp.,D382293,109,14,2001,2,AAKG9OAAFAAENzBAAg,http://mapa.um.warszawa.pl/mvimages/san13/fig/752_fig_7405038_S15_2_2.png,2,7514142.7095,5782070.6299
AAKG9OAAnAAHzF0AAa,20.06.2014,Dzielnica Wawer,lipa drobnolistna,Tilia cordata,D379447,"41, 48",6,2001,2,AAKG9OAAnAAHzF0AAa,http://mapa.um.warszawa.pl/mvimages/san13/fig/752_fig_7405038_S11_2_2.png,2,7514182.0306,5782275.4164
AAKG9OAAnAAHzF0AAb,20.06.2014,Dzielnica Wawer,robinia  sp.,Robinia  sp.,D379448,25,7,2001,1,AAKG9OAAnAAHzF0AAb,http://mapa.um.warszawa.pl/mvimages/san13/fig/752_fig_7405038_S1C_1_1.png,1,7514182.9408,5782278.4008
AAKG9OAAnAAHzF0AAc,20.06.2014,Dzielnica Wawer,kasztanowiec pospolity,Aesculus hippocastanum,D379449,16,4,2001,1,AAKG9OAAnAAHzF0AAc,http://mapa.um.warszawa.pl/mvimages/san13/fig/752_fig_7405038_S1F_1_1.png,1,7514188.4864,5782272.8764
AAKG9OAAnAAHzF0AAd,20.06.2014,Dzielnica Wawer,robinia  sp.,Robinia  sp.,D379450,35,8,2001,1,AAKG9OAAnAAHzF0AAd,http://mapa.um.warszawa.pl/mvimages/san13/fig/752_fig_7405038_S1B_1_1.png,1,7514189.7352,5782271.9874
AAKG9OAAnAAHzF0AAe,20.06.2014,Dzielnica Wawer,robinia  sp.,Robinia  sp.,D379451,42,8,2001,1,AAKG9OAAnAAHzF0AAe,http://mapa.um.warszawa.pl/mvimages/san13/fig/752_fig_7405038_S1B_1_1.png,1,7514190.9207,5782270.8443
AAKG9OAAnAAHzF0AAf,20.06.2014,Dzielnica Wawer,robinia  sp.,Robinia  sp.,D379452,38,8,2001,1,AAKG9OAAnAAHzF0AAf,http://mapa.um.warszawa.pl/mvimages/san13/fig/752_fig_7405038_S1B_1_1.png,1,7514195.1329,5782265.9337
AAKG9OAAnAAHzF0AAg,20.06.2014,Dzielnica Wawer,robinia  sp.,Robinia  sp.,D379453,25,4,2001,1,AAKG9OAAnAAHzF0AAg,http://mapa.um.warszawa.pl/mvimages/san13/fig/752_fig_7405038_S1F_1_1.png,1,7514197.3765,5782263.4785
AAKG9OAAnAAHzF0AAh,20.06.2014,Dzielnica Wawer,robinia  sp.,Robinia  sp.,D379454,43,8,2001,1,AAKG9OAAnAAHzF0AAh,http://mapa.um.warszawa.pl/mvimages/san13/fig/752_fig_7405038_S14_1_1.png,1,7514197.8634,5782262.8646
AAKG9OAAnAAHzF0AAi,20.06.2014,Dzielnica Wawer,robinia  sp.,Robinia  sp.,D379455,27,6,2001,1,AAKG9OAAnAAHzF0AAi,http://mapa.um.warszawa.pl/mvimages/san13/fig/752_fig_7405038_S1F_1_1.png,1,7514200.7632,5782259.2874
AAKG9OAAnAAHzFBAAN,20.06.2014,Dzielnica Wawer,robinia  sp.,Robinia  sp.,D379456,40,5,2001,1,AAKG9OAAnAAHzFBAAN,http://mapa.um.warszawa.pl/mvimages/san13/fig/752_fig_7405038_S1F_1_1.png,1,7514201.7792,5782258.0808
AAKG9OAAFAAENy5AAJ,20.06.2014,Dzielnica Wawer,topola czarna,Populus nigra,D381887,128,14,2001,1,AAKG9OAAFAAENy5AAJ,http://mapa.um.warszawa.pl/mvimages/san13/fig/752_fig_7405038_S1F_1_1.png,1,7514218.6892,5782239.2471
AAKG9OAAFAAENy5AAK,20.06.2014,Dzielnica Wawer,sosna pospolita,Pinus sylvestris,D381888,5,3,2001,1,AAKG9OAAFAAENy5AAK,http://mapa.um.warszawa.pl/mvimages/san13/fig/752_fig_7405038_S1F_1_1.png,1,7514224.2455,5782231.3095
AAKG9OAAFAAENy5AAL,20.06.2014,Dzielnica Wawer,lipa  sp.,Tilia  sp.,D381889,15,3,2001,1,AAKG9OAAFAAENy5AAL,http://mapa.um.warszawa.pl/mvimages/san13/fig/752_fig_7405038_S1E_1_1.png,1,7514232.7122,5782225.5548
AAKG9OAAFAAENy5AAM,20.06.2014,Dzielnica Wawer,śliwa  sp.,Prunus  sp.(śliwa),D381890,"28, 37, 21, 17, 27",5,2001,2,AAKG9OAAFAAENy5AAM,http://mapa.um.warszawa.pl/mvimages/san13/fig/752_fig_7405038_S11_2_2.png,2,7514233.8366,5782221.0569
AAKG9OAAFAAENzdAAL,20.06.2014,Dzielnica Wawer,klon jesionolistny,Acer negundo,D382902,26,6,2001,1,AAKG9OAAFAAENzdAAL,http://mapa.um.warszawa.pl/mvimages/san13/fig/752_fig_7405038_S1F_1_1.png,1,7514289.0734,5782163.8517
AAKG9OAAFAAENzdAAM,20.06.2014,Dzielnica Wawer,sumak octowiec,Rhus typhina,D382903,31,6,2001,1,AAKG9OAAFAAENzdAAM,http://mapa.um.warszawa.pl/mvimages/san13/fig/752_fig_7405038_S1F_1_1.png,1,7514290.5947,5782162.7274
AAKG9OAAFAAENzdAAN,20.06.2014,Dzielnica Wawer,sumak octowiec,Rhus typhina,D382904,23,6,2001,1,AAKG9OAAFAAENzdAAN,http://mapa.um.warszawa.pl/mvimages/san13/fig/752_fig_7405038_S1B_1_1.png,1,7514291.9838,5782161.0076
AAKG9OAAnAAHzFNAAc,20.06.2014,Dzielnica Wawer,brzoza brodawkowata,Betula pendula,D379493,"64, 96",16,2001,2,AAKG9OAAnAAHzFNAAc,http://mapa.um.warszawa.pl/mvimages/san13/fig/752_fig_7405038_S11_2_2.png,2,7514024.0055,5782243.9467
AAKG9OAAnAAHzFNAAd,20.06.2014,Dzielnica Wawer,lipa  sp.,Tilia  sp.,D379494,105,14,2001,1,AAKG9OAAnAAHzFNAAd,http://mapa.um.warszawa.pl/mvimages/san13/fig/752_fig_7405038_S1C_1_1.png,1,7514025.659,5782240.5733
AAKG9OAAnAAHzFNAAe,20.06.2014,Dzielnica Wawer,lipa  sp.,Tilia  sp.,D379495,125,14,2001,3,AAKG9OAAnAAHzFNAAe,http://mapa.um.warszawa.pl/mvimages/san13/fig/752_fig_7405038_S1G_3_3.png,3,7514028.6025,5782235.7116
AAKG9OAAnAAHzFtAAN,20.06.2014,Dzielnica Wawer,brzoza brodawkowata,Betula pendula,D379518,138,16,2001,2,AAKG9OAAnAAHzFtAAN,http://mapa.um.warszawa.pl/mvimages/san13/fig/752_fig_7405038_S11_2_2.png,2,7514033.3329,5782150.3122
AAKG9OAAnAAHzFNAAn,20.06.2014,Dzielnica Wawer,lipa drobnolistna,Tilia cordata,D379504,88,12,2001,2,AAKG9OAAnAAHzFNAAn,http://mapa.um.warszawa.pl/mvimages/san13/fig/752_fig_7405038_S15_2_2.png,2,7514034.8145,5782226.6393
AAKG9OAAnAAHzFtAAA,20.06.2014,Dzielnica Wawer,lipa drobnolistna,Tilia cordata,D379505,89,16,2001,2,AAKG9OAAnAAHzFtAAA,http://mapa.um.warszawa.pl/mvimages/san13/fig/752_fig_7405038_S15_2_2.png,2,7514041.0587,5782216.1194
AAKG9OAAnAAHzFtAAB,20.06.2014,Dzielnica Wawer,brzoza brodawkowata,Betula pendula,D379506,168,19,2001,2,AAKG9OAAnAAHzFtAAB,http://mapa.um.warszawa.pl/mvimages/san13/fig/752_fig_7405038_S12_2_2.png,2,7514042.9427,5782212.5846
AAKG9OAAnAAHzFtAAC,20.06.2014,Dzielnica Wawer,lipa drobnolistna,Tilia cordata,D379507,95,8,2001,1,AAKG9OAAnAAHzFtAAC,http://mapa.um.warszawa.pl/mvimages/san13/fig/752_fig_7405038_S1C_1_1.png,1,7514045.525,5782209.3673
AAKG9OAAnAAHzFtAAM,20.06.2014,Dzielnica Wawer,grusza  sp.,Pyrus  sp.,D379517,"65, 64",7,2001,1,AAKG9OAAnAAHzFtAAM,http://mapa.um.warszawa.pl/mvimages/san13/fig/752_fig_7405038_S1C_1_1.png,1,7514046.16,5782157.5512
AAKG9OAAnAAHzFtAAD,20.06.2014,Dzielnica Wawer,lipa drobnolistna,Tilia cordata,D379508,138,13,2001,2,AAKG9OAAnAAHzFtAAD,http://mapa.um.warszawa.pl/mvimages/san13/fig/752_fig_7405038_S12_2_2.png,2,7514049.1234,5782203.3983
AAKG9OAAnAAHzFtAAE,20.06.2014,Dzielnica Wawer,lipa  sp.,Tilia  sp.,D379509,118,12,2001,2,AAKG9OAAnAAHzFtAAE,http://mapa.um.warszawa.pl/mvimages/san13/fig/752_fig_7405038_S15_2_2.png,2,7514053.2931,5782196.7308
AAKG9OAAnAAHzFtAAL,20.06.2014,Dzielnica Wawer,brzoza brodawkowata,Betula pendula,D379516,"97, 86",14,2001,2,AAKG9OAAnAAHzFtAAL,http://mapa.um.warszawa.pl/mvimages/san13/fig/752_fig_7405038_S15_2_2.png,2,7514055.7908,5782162.7371
AAKG9OAAnAAHzFtAAF,20.06.2014,Dzielnica Wawer,lipa  sp.,Tilia  sp.,D379510,72,6,2001,1,AAKG9OAAnAAHzFtAAF,http://mapa.um.warszawa.pl/mvimages/san13/fig/752_fig_7405038_S14_1_1.png,1,7514056.7222,5782191.0793
AAKG9OAAnAAHzFtAAG,20.06.2014,Dzielnica Wawer,lipa  sp.,Tilia  sp.,D379511,110,14,2001,2,AAKG9OAAnAAHzFtAAG,http://mapa.um.warszawa.pl/mvimages/san13/fig/752_fig_7405038_S12_2_2.png,2,7514059.9818,5782185.3855
AAKG9OAAnAAHzFtAAK,20.06.2014,Dzielnica Wawer,brzoza brodawkowata,Betula pendula,D379515,"74, 85",14,2001,1,AAKG9OAAnAAHzFtAAK,http://mapa.um.warszawa.pl/mvimages/san13/fig/752_fig_7405038_S1C_1_1.png,1,7514060.638,5782165.3406
AAKG9OAAnAAHzFtAAH,20.06.2014,Dzielnica Wawer,brzoza brodawkowata,Betula pendula,D379512,94,16,2001,1,AAKG9OAAnAAHzFtAAH,http://mapa.um.warszawa.pl/mvimages/san13/fig/752_fig_7405038_S1C_1_1.png,1,7514062.7758,5782180.8134
AAKG9OAAnAAHzFtAAI,20.06.2014,Dzielnica Wawer,lipa  sp.,Tilia  sp.,D379513,128,15,2001,2,AAKG9OAAnAAHzFtAAI,http://mapa.um.warszawa.pl/mvimages/san13/fig/752_fig_7405038_S12_2_2.png,2,7514063.6225,5782179.1413
AAKG9OAAnAAHzFtAAJ,20.06.2014,Dzielnica Wawer,lipa  sp.,Tilia  sp.,D379514,118,11,2001,1,AAKG9OAAnAAHzFtAAJ,http://mapa.um.warszawa.pl/mvimages/san13/fig/752_fig_7405038_S14_1_1.png,1,7514068.4697,5782172.0292
AAKG9OAAnAAHzFBAAT,20.06.2014,Dzielnica Wawer,robinia  sp.,Robinia  sp.,D379462,26,3,2001,1,AAKG9OAAnAAHzFBAAT,http://mapa.um.warszawa.pl/mvimages/san13/fig/752_fig_7405038_S1E_1_1.png,1,7514074.9073,5782160.9276
AAKG9OAAnAAHzFBAAU,20.06.2014,Dzielnica Wawer,lipa drobnolistna,Tilia cordata,D379463,23,4,2001,1,AAKG9OAAnAAHzFBAAU,http://mapa.um.warszawa.pl/mvimages/san13/fig/752_fig_7405038_S1E_1_1.png,1,7514081.4954,5782150.8071
AAKG9OAAnAAHzFBAAP,20.06.2014,Dzielnica Wawer,lipa drobnolistna,Tilia cordata,D379458,18,3,2001,1,AAKG9OAAnAAHzFBAAP,http://mapa.um.warszawa.pl/mvimages/san13/fig/752_fig_7405038_S1F_1_1.png,1,7514083.202,5782166.5632
AAKG9OAAnAAHzFBAAQ,20.06.2014,Dzielnica Wawer,lipa drobnolistna,Tilia cordata,D379459,114,10,2001,2,AAKG9OAAnAAHzFBAAQ,http://mapa.um.warszawa.pl/mvimages/san13/fig/752_fig_7405038_S11_2_2.png,2,7514086.2976,5782161.0069
AAKG9OAAnAAHzFBAAV,20.06.2014,Dzielnica Wawer,lipa drobnolistna,Tilia cordata,D379464,106,10,2001,1,AAKG9OAAnAAHzFBAAV,http://mapa.um.warszawa.pl/mvimages/san13/fig/752_fig_7405038_S1C_1_1.png,1,7514086.9326,5782142.3141
AAKG9OAAnAAHzFBAAR,20.06.2014,Dzielnica Wawer,lipa drobnolistna,Tilia cordata,D379460,132,10,2001,2,AAKG9OAAnAAHzFBAAR,http://mapa.um.warszawa.pl/mvimages/san13/fig/752_fig_7405038_S11_2_2.png,2,7514090.5839,5782154.1807
AAKG9OAAnAAHzFBAAW,20.06.2014,Dzielnica Wawer,lipa drobnolistna,Tilia cordata,D379465,114,9,2001,1,AAKG9OAAnAAHzFBAAW,http://mapa.um.warszawa.pl/mvimages/san13/fig/752_fig_7405038_S1C_1_1.png,1,7514091.0999,5782134.7734
AAKG9OAAFAAENz4AAG,20.06.2014,Dzielnica Wawer,lipa drobnolistna,Tilia cordata,D382283,115,12,2001,1,AAKG9OAAFAAENz4AAG,http://mapa.um.warszawa.pl/mvimages/san13/fig/752_fig_7405038_S1C_1_1.png,1,7514091.5124,5782134.9236
AAKG9OAAnAAHzFBAAS,20.06.2014,Dzielnica Wawer,lipa drobnolistna,Tilia cordata,D379461,22,3,2001,1,AAKG9OAAnAAHzFBAAS,http://mapa.um.warszawa.pl/mvimages/san13/fig/752_fig_7405038_S1E_1_1.png,1,7514095.5052,5782146.8385
AAKG9OAAFAAENz4AAI,20.06.2014,Dzielnica Wawer,lipa drobnolistna,Tilia cordata,D382285,20,3,2001,1,AAKG9OAAFAAENz4AAI,http://mapa.um.warszawa.pl/mvimages/san13/fig/752_fig_7405038_S1F_1_1.png,1,7514098.5901,5782122.819
AAKG9OAAFAAENz4AAD,20.06.2014,Dzielnica Wawer,lipa drobnolistna,Tilia cordata,D382280,15,3,2001,1,AAKG9OAAFAAENz4AAD,http://mapa.um.warszawa.pl/mvimages/san13/fig/752_fig_7405038_S1E_1_1.png,1,7514100.4422,5782139.0909
AAKG9OAAFAAENz4AAE,20.06.2014,Dzielnica Wawer,lipa drobnolistna,Tilia cordata,D382281,83,10,2001,1,AAKG9OAAFAAENz4AAE,http://mapa.um.warszawa.pl/mvimages/san13/fig/752_fig_7405038_S14_1_1.png,1,7514103.6834,5782133.3362
AAKG9OAAFAAENz4AAH,20.06.2014,Dzielnica Wawer,lipa  sp.,Tilia  sp.,D382284,"30, 31, 35, 32, 34",8,2001,1,AAKG9OAAFAAENz4AAH,http://mapa.um.warszawa.pl/mvimages/san13/fig/752_fig_7405038_S1C_1_1.png,1,7514103.9478,5782114.7492
AAKG9OAAnAAHzFFAAA,20.06.2014,Dzielnica Wawer,brzoza brodawkowata,Betula pendula,D379484,"125, 64",14,2001,2,AAKG9OAAnAAHzFFAAA,http://mapa.um.warszawa.pl/mvimages/san13/fig/752_fig_7405038_S12_2_2.png,2,7513986.7545,5782302.9662
AAKG9OAAnAAHzFBAAn,20.06.2014,Dzielnica Wawer,robinia  sp.,Robinia  sp.,D379482,"19, 16, 14",5,2001,1,AAKG9OAAnAAHzFBAAn,http://mapa.um.warszawa.pl/mvimages/san13/fig/752_fig_7405038_S1F_1_1.png,1,7513987.5951,5782320.9324
AAKG9OAAnAAHzFBAAo,20.06.2014,Dzielnica Wawer,robinia  sp.,Robinia  sp.,D379483,"28, 29",6,2001,1,AAKG9OAAnAAHzFBAAo,http://mapa.um.warszawa.pl/mvimages/san13/fig/752_fig_7405038_S1B_1_1.png,1,7513987.76,5782320.2699
AAKG9OAAnAAHzFFAAB,20.06.2014,Dzielnica Wawer,lipa drobnolistna,Tilia cordata,D379485,101,13,2001,2,AAKG9OAAnAAHzFFAAB,http://mapa.um.warszawa.pl/mvimages/san13/fig/752_fig_7405038_S11_2_2.png,2,7513987.9717,5782300.4685
AAKG9OAAnAAHzFFAAC,20.06.2014,Dzielnica Wawer,brzoza brodawkowata,Betula pendula,D379486,114,15,2001,2,AAKG9OAAnAAHzFFAAC,http://mapa.um.warszawa.pl/mvimages/san13/fig/752_fig_7405038_S15_2_2.png,2,7513991.5701,5782296.722
AAKG9OAAnAAHzF0AAI,20.06.2014,Dzielnica Wawer,jarząb pospolity ,Sorbus aucuparia,D379429,53,5,2001,1,AAKG9OAAnAAHzF0AAI,http://mapa.um.warszawa.pl/mvimages/san13/fig/752_fig_7405038_S1B_1_1.png,1,7513994.0362,5782469.493
AAKG9OAAnAAHzF0AAJ,20.06.2014,Dzielnica Wawer,sosna pospolita,Pinus sylvestris,D379430,146,13,2001,2,AAKG9OAAnAAHzF0AAJ,http://mapa.um.warszawa.pl/mvimages/san13/fig/752_fig_7405038_S11_2_2.png,2,7513995.9677,5782468.0643
AAKG9OAAnAAHzF0AAK,20.06.2014,Dzielnica Wawer,klon pospolity,Acer platanoides,D379431,69,6,2001,1,AAKG9OAAnAAHzF0AAK,http://mapa.um.warszawa.pl/mvimages/san13/fig/752_fig_7405038_S1B_1_1.png,1,7513999.1691,5782468.2759
AAKG9OAAnAAHzF0AAM,20.06.2014,Dzielnica Wawer,lipa  sp.,Tilia  sp.,D379433,42,6,2001,1,AAKG9OAAnAAHzF0AAM,http://mapa.um.warszawa.pl/mvimages/san13/fig/752_fig_7405038_S1F_1_1.png,1,7514004.7836,5782462.7515
AAKG9OAAnAAHzF0AAN,20.06.2014,Dzielnica Wawer,lipa  sp.,Tilia  sp.,D379434,61,7,2001,1,AAKG9OAAnAAHzF0AAN,http://mapa.um.warszawa.pl/mvimages/san13/fig/752_fig_7405038_S1F_1_1.png,1,7514012.4897,5782454.3509
AAKG9OAAnAAHzF0AAO,20.06.2014,Dzielnica Wawer,klon pospolity,Acer platanoides,D379435,65,7,2001,1,AAKG9OAAnAAHzF0AAO,http://mapa.um.warszawa.pl/mvimages/san13/fig/752_fig_7405038_S1B_1_1.png,1,7514014.474,5782452.3996
AAKG9OAAnAAHzF0AAP,20.06.2014,Dzielnica Wawer,lipa drobnolistna,Tilia cordata,D379436,60,6,2001,1,AAKG9OAAnAAHzF0AAP,http://mapa.um.warszawa.pl/mvimages/san13/fig/752_fig_7405038_S1B_1_1.png,1,7514019.5671,5782447.0748
AAKG9OAAnAAHzF0AAQ,20.06.2014,Dzielnica Wawer,klon  sp.,Acer  sp.,D379437,69,6,2001,1,AAKG9OAAnAAHzF0AAQ,http://mapa.um.warszawa.pl/mvimages/san13/fig/752_fig_7405038_S1B_1_1.png,1,7514023.7676,5782443.2053
AAKG9OAAnAAHzF0AAR,20.06.2014,Dzielnica Wawer,klon  sp.,Acer  sp.,D379438,72,6,2001,1,AAKG9OAAnAAHzF0AAR,http://mapa.um.warszawa.pl/mvimages/san13/fig/752_fig_7405038_S1B_1_1.png,1,7514027.7362,5782438.9057
AAKG9OAAnAAHzF0AAS,20.06.2014,Dzielnica Wawer,klon  sp.,Acer  sp.,D379439,63,7,2001,1,AAKG9OAAnAAHzF0AAS,http://mapa.um.warszawa.pl/mvimages/san13/fig/752_fig_7405038_S14_1_1.png,1,7514035.3761,5782431.4643
AAKG9OAAnAAHzF0AAT,20.06.2014,Dzielnica Wawer,klon  sp.,Acer  sp.,D379440,60,6,2001,1,AAKG9OAAnAAHzF0AAT,http://mapa.um.warszawa.pl/mvimages/san13/fig/752_fig_7405038_S1B_1_1.png,1,7514038.915,5782427.7933
AAKG9OAAnAAHzF0AAU,20.06.2014,Dzielnica Wawer,lipa  sp.,Tilia  sp.,D379441,66,8,2001,1,AAKG9OAAnAAHzF0AAU,http://mapa.um.warszawa.pl/mvimages/san13/fig/752_fig_7405038_S14_1_1.png,1,7514043.9751,5782422.7662
AAKG9OAAnAAHzF0AAV,20.06.2014,Dzielnica Wawer,robinia  sp.,Robinia  sp.,D379442,73,9,2001,1,AAKG9OAAnAAHzF0AAV,http://mapa.um.warszawa.pl/mvimages/san13/fig/752_fig_7405038_S1B_1_1.png,1,7514049.5975,5782414.2334
AAKG9OAAnAAHzF0AAW,20.06.2014,Dzielnica Wawer,robinia  sp.,Robinia  sp.,D379443,50,8,2001,1,AAKG9OAAnAAHzF0AAW,http://mapa.um.warszawa.pl/mvimages/san13/fig/752_fig_7405038_S1F_1_1.png,1,7514050.9866,5782412.8443
AAKG9OAAnAAHzF0AAX,20.06.2014,Dzielnica Wawer,robinia  sp.,Robinia  sp.,D379444,94,7,2001,1,AAKG9OAAnAAHzF0AAX,http://mapa.um.warszawa.pl/mvimages/san13/fig/752_fig_7405038_S1B_1_1.png,1,7514052.3425,5782411.7529
AAKG9OAAnAAHzF0AAY,20.06.2014,Dzielnica Wawer,czeremcha  sp.,Prunus  sp.(czeremcha),D379445,37,8,2001,2,AAKG9OAAnAAHzF0AAY,http://mapa.um.warszawa.pl/mvimages/san13/fig/752_fig_7405038_S15_2_2.png,2,7514070.665,5782391.5785
AAKG9OAAnAAHzF0AAZ,20.06.2014,Dzielnica Wawer,klon  sp.,Acer  sp.,D379446,20,6,2001,1,AAKG9OAAnAAHzF0AAZ,http://mapa.um.warszawa.pl/mvimages/san13/fig/752_fig_7405038_S1F_1_1.png,1,7514101.7276,5782359.1572
AAKG9OAAFAAENzoAAm,20.06.2014,Dzielnica Wawer,sumak octowiec,Rhus typhina,D382764,8,2,2001,1,AAKG9OAAFAAENzoAAm,http://mapa.um.warszawa.pl/mvimages/san13/fig/752_fig_7405038_S1E_1_1.png,1,7514146.8964,5782555.2271
AAKG9OAAFAAENzsAAB,20.06.2014,Dzielnica Wawer,sumak octowiec,Rhus typhina,D382767,13,3,2001,1,AAKG9OAAFAAENzsAAB,http://mapa.um.warszawa.pl/mvimages/san13/fig/752_fig_7405038_S1E_1_1.png,1,7514146.8964,5782545.9006
AAKG9OAAFAAENzsAAC,20.06.2014,Dzielnica Wawer,sumak octowiec,Rhus typhina,D382768,16,3,2001,1,AAKG9OAAFAAENzsAAC,http://mapa.um.warszawa.pl/mvimages/san13/fig/752_fig_7405038_S1F_1_1.png,1,7514147.0152,5782547.4085
AAKG9OAAFAAENzsAAD,20.06.2014,Dzielnica Wawer,sumak octowiec,Rhus typhina,D382769,"12, 12, 8",3,2001,1,AAKG9OAAFAAENzsAAD,http://mapa.um.warszawa.pl/mvimages/san13/fig/752_fig_7405038_S1F_1_1.png,1,7514147.1344,5782548.9564
AAKG9OAAFAAENzsAAA,20.06.2014,Dzielnica Wawer,sumak octowiec,Rhus typhina,D382766,7,2,2001,1,AAKG9OAAFAAENzsAAA,http://mapa.um.warszawa.pl/mvimages/san13/fig/752_fig_7405038_S1E_1_1.png,1,7514147.1741,5782554.1158
AAKG9OAAFAAENzsAAE,20.06.2014,Dzielnica Wawer,sumak octowiec,Rhus typhina,D382770,17,3,2001,1,AAKG9OAAFAAENzsAAE,http://mapa.um.warszawa.pl/mvimages/san13/fig/752_fig_7405038_S1F_1_1.png,1,7514147.2138,5782551.0201
AAKG9OAAFAAENzsAAF,20.06.2014,Dzielnica Wawer,sumak octowiec,Rhus typhina,D382771,9,3,2001,1,AAKG9OAAFAAENzsAAF,http://mapa.um.warszawa.pl/mvimages/san13/fig/752_fig_7405038_S1E_1_1.png,1,7514147.3329,5782552.8062
AAKG9OAAFAAENzoAAl,20.06.2014,Dzielnica Wawer,sumak octowiec,Rhus typhina,D382763,13,2,2001,1,AAKG9OAAFAAENzoAAl,http://mapa.um.warszawa.pl/mvimages/san13/fig/752_fig_7405038_S1F_1_1.png,1,7514147.4519,5782557.6083
AAKG9OAAFAAENzoAAn,20.06.2014,Dzielnica Wawer,sumak octowiec,Rhus typhina,D382765,9,3,2001,1,AAKG9OAAFAAENzoAAn,http://mapa.um.warszawa.pl/mvimages/san13/fig/752_fig_7405038_S1E_1_1.png,1,7514147.6108,5782555.0683
AAKG9OAAnAAHzFRAAf,20.06.2014,Dzielnica Wawer,sosna czarna,Pinus nigra,D379556,22,4,2001,1,AAKG9OAAnAAHzFRAAf,http://mapa.um.warszawa.pl/mvimages/san13/fig/752_fig_7405038_S1F_1_1.png,1,7513897.561,5782177.0354
AAKG9OAAnAAHzFVAAL,20.06.2014,Dzielnica Wawer,robinia  sp.,Robinia  sp.,D379557,"35, 37",6,2001,1,AAKG9OAAnAAHzFVAAL,http://mapa.um.warszawa.pl/mvimages/san13/fig/752_fig_7405038_S14_1_1.png,1,7513918.1985,5782142.4808
AAKG9OAAnAAHzFVAAM,20.06.2014,Dzielnica Wawer,brzoza brodawkowata,Betula pendula,D379558,131,19,2001,1,AAKG9OAAnAAHzFVAAM,http://mapa.um.warszawa.pl/mvimages/san13/fig/752_fig_7405038_S1C_1_1.png,1,7513924.0723,5782133.4849
AAKG9OAAnAAHzFNAAm,20.06.2014,Dzielnica Wawer,brzoza brodawkowata,Betula pendula,D379503,81,9,2001,1,AAKG9OAAnAAHzFNAAm,http://mapa.um.warszawa.pl/mvimages/san13/fig/752_fig_7405038_S1C_1_1.png,1,7513949.828,5782254.1001
AAKG9OAAnAAHzFNAAl,20.06.2014,Dzielnica Wawer,brzoza brodawkowata,Betula pendula,D379502,88,19,2001,2,AAKG9OAAnAAHzFNAAl,http://mapa.um.warszawa.pl/mvimages/san13/fig/752_fig_7405038_S15_2_2.png,2,7513951.479,5782251.0733
AAKG9OAAnAAHzFNAAk,20.06.2014,Dzielnica Wawer,brzoza brodawkowata,Betula pendula,D379501,108,18,2001,2,AAKG9OAAnAAHzFNAAk,http://mapa.um.warszawa.pl/mvimages/san13/fig/752_fig_7405038_S15_2_2.png,2,7513952.8124,5782249.4222
AAKG9OAAnAAHzFVAAN,20.06.2014,Dzielnica Wawer,robinia  sp.,Robinia  sp.,D379559,25,4,2001,1,AAKG9OAAnAAHzFVAAN,http://mapa.um.warszawa.pl/mvimages/san13/fig/752_fig_7405038_S1E_1_1.png,1,7513954.7538,5782102.3642
AAKG9OAAnAAHzFNAAj,20.06.2014,Dzielnica Wawer,brzoza brodawkowata,Betula pendula,D379500,183,20,2001,3,AAKG9OAAnAAHzFNAAj,http://mapa.um.warszawa.pl/mvimages/san13/fig/752_fig_7405038_S1G_3_3.png,3,7513958.2523,5782241.5271
AAKG9OAAnAAHzFNAAi,20.06.2014,Dzielnica Wawer,sumak octowiec,Rhus typhina,D379499,10,2,2001,1,AAKG9OAAnAAHzFNAAi,http://mapa.um.warszawa.pl/mvimages/san13/fig/752_fig_7405038_S1E_1_1.png,1,7513959.1413,5782223.1757
AAKG9OAAnAAHzFVAAO,20.06.2014,Dzielnica Wawer,robinia  sp.,Robinia  sp.,D379560,15,4,2001,1,AAKG9OAAnAAHzFVAAO,http://mapa.um.warszawa.pl/mvimages/san13/fig/752_fig_7405038_S1E_1_1.png,1,7513959.3179,5782105.8566
AAKG9OAAnAAHzFNAAh,20.06.2014,Dzielnica Wawer,sumak octowiec,Rhus typhina,D379498,50,7,2001,1,AAKG9OAAnAAHzFNAAh,http://mapa.um.warszawa.pl/mvimages/san13/fig/752_fig_7405038_S14_1_1.png,1,7513959.9669,5782221.8843
AAKG9OAAnAAHzFNAAg,20.06.2014,Dzielnica Wawer,sumak octowiec,Rhus typhina,D379497,38,7,2001,1,AAKG9OAAnAAHzFNAAg,http://mapa.um.warszawa.pl/mvimages/san13/fig/752_fig_7405038_S14_1_1.png,1,7513960.6229,5782220.6357
AAKG9OAAnAAHzFNAAf,20.06.2014,Dzielnica Wawer,sumak octowiec,Rhus typhina,D379496,45,6,2001,1,AAKG9OAAnAAHzFNAAf,http://mapa.um.warszawa.pl/mvimages/san13/fig/752_fig_7405038_S1F_1_1.png,1,7513961.5966,5782219.1329
AAKG9OAAnAAHzFVAAP,20.06.2014,Dzielnica Wawer,robinia  sp.,Robinia  sp.,D379561,17,4,2001,1,AAKG9OAAnAAHzFVAAP,http://mapa.um.warszawa.pl/mvimages/san13/fig/752_fig_7405038_S1E_1_1.png,1,7513979.1617,5782117.2867
AAKG9OAAnAAHzFVAAQ,20.06.2014,Dzielnica Wawer,robinia  sp.,Robinia  sp.,D379562,13,3,2001,1,AAKG9OAAnAAHzFVAAQ,http://mapa.um.warszawa.pl/mvimages/san13/fig/752_fig_7405038_S1E_1_1.png,1,7513986.2657,5782121.4538
AAKG9OAAnAAHzFVAAR,20.06.2014,Dzielnica Wawer,robinia  sp.,Robinia  sp.,D379563,15,4,2001,1,AAKG9OAAnAAHzFVAAR,http://mapa.um.warszawa.pl/mvimages/san13/fig/752_fig_7405038_S1E_1_1.png,1,7513990.0758,5782123.6366
AAKG9OAAnAAHzFVAAS,20.06.2014,Dzielnica Wawer,robinia  sp.,Robinia  sp.,D379564,19,4,2001,1,AAKG9OAAnAAHzFVAAS,http://mapa.um.warszawa.pl/mvimages/san13/fig/752_fig_7405038_S1E_1_1.png,1,7513993.7667,5782125.9386
AAKG9OAAnAAHzFFAAD,20.06.2014,Dzielnica Wawer,lipa drobnolistna,Tilia cordata,D379487,117,13,2001,2,AAKG9OAAnAAHzFFAAD,http://mapa.um.warszawa.pl/mvimages/san13/fig/752_fig_7405038_S11_2_2.png,2,7513996.9464,5782287.4085
AAKG9OAAnAAHzFVAAT,20.06.2014,Dzielnica Wawer,robinia  sp.,Robinia  sp.,D379565,21,4,2001,1,AAKG9OAAnAAHzFVAAT,http://mapa.um.warszawa.pl/mvimages/san13/fig/752_fig_7405038_S1E_1_1.png,1,7513997.6561,5782128.3594
AAKG9OAAnAAHzFRAAA,20.06.2014,Dzielnica Wawer,jarząb pospolity ,Sorbus aucuparia,D379525,13,4,2001,1,AAKG9OAAnAAHzFRAAA,http://mapa.um.warszawa.pl/mvimages/san13/fig/752_fig_7405038_S1E_1_1.png,1,7514002.6624,5782154.3127
AAKG9OAAnAAHzFlAAo,20.06.2014,Dzielnica Wawer,jarząb pospolity ,Sorbus aucuparia,D379524,15,4,2001,1,AAKG9OAAnAAHzFlAAo,http://mapa.um.warszawa.pl/mvimages/san13/fig/752_fig_7405038_S1E_1_1.png,1,7514004.1229,5782152.2594
AAKG9OAAnAAHzFtAAS,20.06.2014,Dzielnica Wawer,jarząb pospolity ,Sorbus aucuparia,D379523,10,3,2001,1,AAKG9OAAnAAHzFtAAS,http://mapa.um.warszawa.pl/mvimages/san13/fig/752_fig_7405038_S1E_1_1.png,1,7514005.3929,5782150.291
AAKG9OAAnAAHzFtAAR,20.06.2014,Dzielnica Wawer,jarząb pospolity ,Sorbus aucuparia,D379522,6,2,2001,1,AAKG9OAAnAAHzFtAAR,http://mapa.um.warszawa.pl/mvimages/san13/fig/752_fig_7405038_S1E_1_1.png,1,7514007.1922,5782146.7773
AAKG9OAAnAAHzFtAAQ,20.06.2014,Dzielnica Wawer,jarząb pospolity ,Sorbus aucuparia,D379521,11,3,2001,1,AAKG9OAAnAAHzFtAAQ,http://mapa.um.warszawa.pl/mvimages/san13/fig/752_fig_7405038_S1E_1_1.png,1,7514008.5467,5782144.2162
AAKG9OAAnAAHzFtAAP,20.06.2014,Dzielnica Wawer,jarząb pospolity ,Sorbus aucuparia,D379520,10,3,2001,1,AAKG9OAAnAAHzFtAAP,http://mapa.um.warszawa.pl/mvimages/san13/fig/752_fig_7405038_S1E_1_1.png,1,7514008.949,5782143.3908
AAKG9OAAnAAHzFFAAE,20.06.2014,Dzielnica Wawer,lipa  sp.,Tilia  sp.,D379488,142,15,2001,2,AAKG9OAAnAAHzFFAAE,http://mapa.um.warszawa.pl/mvimages/san13/fig/752_fig_7405038_S12_2_2.png,2,7514009.9004,5782266.4324
AAKG9OAAnAAHzFNAAa,20.06.2014,Dzielnica Wawer,lipa  sp.,Tilia  sp.,D379491,"71, 54, 68",12,2001,2,AAKG9OAAnAAHzFNAAa,http://mapa.um.warszawa.pl/mvimages/san13/fig/752_fig_7405038_S15_2_2.png,2,7514018.0522,5782253.6371
AAKG9OAAnAAHzFNAAb,20.06.2014,Dzielnica Wawer,lipa  sp.,Tilia  sp.,D379492,102,13,2001,1,AAKG9OAAnAAHzFNAAb,http://mapa.um.warszawa.pl/mvimages/san13/fig/752_fig_7405038_S1C_1_1.png,1,7514020.9957,5782247.7832
AAKG9OAAnAAHzFFAAF,20.06.2014,Dzielnica Wawer,robinia  sp.,Robinia  sp.,D379489,60,9,2001,1,AAKG9OAAnAAHzFFAAF,http://mapa.um.warszawa.pl/mvimages/san13/fig/752_fig_7405038_S1C_1_1.png,1,7514021.7895,5782265.1136
AAKG9OAAnAAHzFNAAZ,20.06.2014,Dzielnica Wawer,robinia  sp.,Robinia  sp.,D379490,68,9,2001,2,AAKG9OAAnAAHzFNAAZ,http://mapa.um.warszawa.pl/mvimages/san13/fig/752_fig_7405038_S11_2_2.png,2,7514021.955,5782264.0221
AAKG9OAAnAAHzFtAAO,20.06.2014,Dzielnica Wawer,brzoza brodawkowata,Betula pendula,D379519,126,15,2001,2,AAKG9OAAnAAHzFtAAO,http://mapa.um.warszawa.pl/mvimages/san13/fig/752_fig_7405038_S15_2_2.png,2,7514023.5116,5782143.6448
AAKG9OAAnAAHzFBAAm,20.06.2014,Dzielnica Wawer,robinia  sp.,Robinia  sp.,D379481,23,5,2001,1,AAKG9OAAnAAHzFBAAm,http://mapa.um.warszawa.pl/mvimages/san13/fig/752_fig_7405038_S1F_1_1.png,1,7513986.3053,5782323.1483
AAKG9OAAnAAHzFBAAl,20.06.2014,Dzielnica Wawer,robinia  sp.,Robinia  sp.,D379480,9,4,2001,1,AAKG9OAAnAAHzFBAAl,http://mapa.um.warszawa.pl/mvimages/san13/fig/752_fig_7405038_S1E_1_1.png,1,7513985.3131,5782325.1327
AAKG9OAAnAAHzFBAAj,20.06.2014,Dzielnica Wawer,sumak octowiec,Rhus typhina,D379478,"49, 43",6,2001,1,AAKG9OAAnAAHzFBAAj,http://mapa.um.warszawa.pl/mvimages/san13/fig/752_fig_7405038_S1C_1_1.png,1,7513973.473,5782325.2319
AAKG9OAAnAAHzFBAAi,20.06.2014,Dzielnica Wawer,lipa  sp.,Tilia  sp.,D379477,"108, 88, 81, 61",15,2001,2,AAKG9OAAnAAHzFBAAi,http://mapa.um.warszawa.pl/mvimages/san13/fig/752_fig_7405038_S11_2_2.png,2,7513970.794,5782329.5645
AAKG9OAAnAAHzFBAAk,20.06.2014,Dzielnica Wawer,robinia  sp.,Robinia  sp.,D379479,20,4,2001,1,AAKG9OAAnAAHzFBAAk,http://mapa.um.warszawa.pl/mvimages/san13/fig/752_fig_7405038_S1F_1_1.png,1,7513982.2042,5782330.4243
AAKG9OAAnAAHzFBAAh,20.06.2014,Dzielnica Wawer,lipa  sp.,Tilia  sp.,D379476,185,15,2001,2,AAKG9OAAnAAHzFBAAh,http://mapa.um.warszawa.pl/mvimages/san13/fig/752_fig_7405038_S12_2_2.png,2,7513967.0899,5782335.1207
AAKG9OAAnAAHzFBAAg,20.06.2014,Dzielnica Wawer,brzoza brodawkowata,Betula pendula,D379475,133,17,2001,2,AAKG9OAAnAAHzFBAAg,http://mapa.um.warszawa.pl/mvimages/san13/fig/752_fig_7405038_S12_2_2.png,2,7513932.1648,5782343.6206
AAKG9OAAnAAHzFBAAf,20.06.2014,Dzielnica Wawer,lipa  sp.,Tilia  sp.,D379474,157,15,2001,1,AAKG9OAAnAAHzFBAAf,http://mapa.um.warszawa.pl/mvimages/san13/fig/752_fig_7405038_S14_1_1.png,1,7513949.8257,5782362.5382
AAKG9OAAnAAHzFBAAe,20.06.2014,Dzielnica Wawer,lipa  sp.,Tilia  sp.,D379473,115,14,2001,2,AAKG9OAAnAAHzFBAAe,http://mapa.um.warszawa.pl/mvimages/san13/fig/752_fig_7405038_S15_2_2.png,2,7513958.0608,5782367.8961
AAKG9OAAFAAENyEAAd,20.06.2014,Dzielnica Wawer,sumak octowiec,Rhus typhina,D381958,"31, 23",4,2001,1,AAKG9OAAFAAENyEAAd,http://mapa.um.warszawa.pl/mvimages/san13/fig/752_fig_7405038_S14_1_1.png,1,7513834.7608,5782371.4269
AAKG9OAAnAAHzFBAAc,20.06.2014,Dzielnica Wawer,lipa  sp.,Tilia  sp.,D379471,127,14,2001,2,AAKG9OAAnAAHzFBAAc,http://mapa.um.warszawa.pl/mvimages/san13/fig/752_fig_7405038_S15_2_2.png,2,7513942.5828,5782376.2303
AAKG9OAAnAAHzFBAAd,20.06.2014,Dzielnica Wawer,lipa  sp.,Tilia  sp.,D379472,129,15,2001,2,AAKG9OAAnAAHzFBAAd,http://mapa.um.warszawa.pl/mvimages/san13/fig/752_fig_7405038_S15_2_2.png,2,7513952.0417,5782376.3627
AAKG9OAAFAAENyEAAc,20.06.2014,Dzielnica Wawer,klon jesionolistny,Acer negundo,D381957,109,12,2001,1,AAKG9OAAFAAENyEAAc,http://mapa.um.warszawa.pl/mvimages/san13/fig/752_fig_7405038_S1C_1_1.png,1,7513843.4592,5782377.6776
AAKG9OAAFAAENyEAAb,20.06.2014,Dzielnica Wawer,klon jesionolistny,Acer negundo,D381956,27,6,2001,1,AAKG9OAAFAAENyEAAb,http://mapa.um.warszawa.pl/mvimages/san13/fig/752_fig_7405038_S1B_1_1.png,1,7513844.5173,5782378.4052
AAKG9OAAFAAENyEAAa,20.06.2014,Dzielnica Wawer,klon jesionolistny,Acer negundo,D381955,295,5,2001,1,AAKG9OAAFAAENyEAAa,http://mapa.um.warszawa.pl/mvimages/san13/fig/752_fig_7405038_S1F_1_1.png,1,7513845.3773,5782378.9674
AAKG9OAAFAAENyEAAZ,20.06.2014,Dzielnica Wawer,robinia  sp.,Robinia  sp.,D381954,59,10,2001,1,AAKG9OAAFAAENyEAAZ,http://mapa.um.warszawa.pl/mvimages/san13/fig/752_fig_7405038_S14_1_1.png,1,7513846.8656,5782379.9266
AAKG9OAAFAAENyEAAY,20.06.2014,Dzielnica Wawer,sosna pospolita,Pinus sylvestris,D381953,161,18,2001,2,AAKG9OAAFAAENyEAAY,http://mapa.um.warszawa.pl/mvimages/san13/fig/752_fig_7405038_S12_2_2.png,2,7513848.4862,5782381.051
AAKG9OAAnAAHzFBAAb,20.06.2014,Dzielnica Wawer,lipa drobnolistna,Tilia cordata,D379470,127,14,2001,2,AAKG9OAAnAAHzFBAAb,http://mapa.um.warszawa.pl/mvimages/san13/fig/752_fig_7405038_S11_2_2.png,2,7513938.7463,5782382.878
AAKG9OAAFAAENyEAAX,20.06.2014,Dzielnica Wawer,robinia  sp.,Robinia  sp.,D381952,"20, 13",7,2001,1,AAKG9OAAFAAENyEAAX,http://mapa.um.warszawa.pl/mvimages/san13/fig/752_fig_7405038_S14_1_1.png,1,7513851.7936,5782383.2669
AAKG9OAAnAAHzFBAAa,20.06.2014,Dzielnica Wawer,lipa drobnolistna,Tilia cordata,D379469,134,14,2001,1,AAKG9OAAnAAHzFBAAa,http://mapa.um.warszawa.pl/mvimages/san13/fig/752_fig_7405038_S1C_1_1.png,1,7513943.3435,5782390.981
AAKG9OAAFAAENyEAAW,20.06.2014,Dzielnica Wawer,jabłoń  sp.,Malus  sp.,D381951,18,4,2001,1,AAKG9OAAFAAENyEAAW,http://mapa.um.warszawa.pl/mvimages/san13/fig/752_fig_7405038_S1F_1_1.png,1,7513847.4608,5782391.7667
AAKG9OAAFAAENy7AAE,20.06.2014,Dzielnica Wawer,jarząb pospolity ,Sorbus aucuparia,D381950,42,7,2001,1,AAKG9OAAFAAENy7AAE,http://mapa.um.warszawa.pl/mvimages/san13/fig/752_fig_7405038_S1E_1_1.png,1,7513850.3382,5782393.4534
AAKG9OAAnAAHzFBAAY,20.06.2014,Dzielnica Wawer,lipa drobnolistna,Tilia cordata,D379467,18,3,2001,1,AAKG9OAAnAAHzFBAAY,http://mapa.um.warszawa.pl/mvimages/san13/fig/752_fig_7405038_S1E_1_1.png,1,7513931.5364,5782393.4945
AAKG9OAAFAAENy7AAD,20.06.2014,Dzielnica Wawer,brzoza brodawkowata,Betula pendula,D381949,102,14,2001,1,AAKG9OAAFAAENy7AAD,http://mapa.um.warszawa.pl/mvimages/san13/fig/752_fig_7405038_S1C_1_1.png,1,7513853.0834,5782394.9748
AAKG9OAAFAAENy7AAC,20.06.2014,Dzielnica Wawer,brzoza brodawkowata,Betula pendula,D381948,97,13,2001,1,AAKG9OAAFAAENy7AAC,http://mapa.um.warszawa.pl/mvimages/san13/fig/752_fig_7405038_S1B_1_1.png,1,7513855.4348,5782396.6317
AAKG9OAAnAAHzFBAAZ,20.06.2014,Dzielnica Wawer,lipa  sp.,Tilia  sp.,D379468,149,12,2001,2,AAKG9OAAnAAHzFBAAZ,http://mapa.um.warszawa.pl/mvimages/san13/fig/752_fig_7405038_S11_2_2.png,2,7513938.614,5782397.9594
AAKG9OAAFAAENy7AAB,20.06.2014,Dzielnica Wawer,brzoza brodawkowata,Betula pendula,D381947,68,4,2001,1,AAKG9OAAFAAENy7AAB,http://mapa.um.warszawa.pl/mvimages/san13/fig/752_fig_7405038_S1B_1_1.png,1,7513859.0067,5782398.6161
AAKG9OAAFAAENy3AAo,20.06.2014,Dzielnica Wawer,brzoza brodawkowata,Betula pendula,D381945,48,4,2001,1,AAKG9OAAFAAENy3AAo,http://mapa.um.warszawa.pl/mvimages/san13/fig/752_fig_7405038_S1B_1_1.png,1,7513862.1022,5782400.4417
AAKG9OAAFAAENy7AAA,20.06.2014,Dzielnica Wawer,brzoza brodawkowata,Betula pendula,D381946,48,4,2001,1,AAKG9OAAFAAENy7AAA,http://mapa.um.warszawa.pl/mvimages/san13/fig/752_fig_7405038_S1B_1_1.png,1,7513863.6501,5782401.2752
AAKG9OAAnAAHzFBAAX,20.06.2014,Dzielnica Wawer,lipa drobnolistna,Tilia cordata,D379466,20,3,2001,1,AAKG9OAAnAAHzFBAAX,http://mapa.um.warszawa.pl/mvimages/san13/fig/752_fig_7405038_S1F_1_1.png,1,7513925.1533,5782404.3425
AAKG9OAAFAAENy3AAd,20.06.2014,Dzielnica Wawer,lipa drobnolistna,Tilia cordata,D381934,20,4,2001,1,AAKG9OAAFAAENy3AAd,http://mapa.um.warszawa.pl/mvimages/san13/fig/752_fig_7405038_S1E_1_1.png,1,7513924.642,5782404.8599
AAKG9OAAFAAENy3AAn,20.06.2014,Dzielnica Wawer,lipa amerykańska,Tilia americana,D381944,146,15,2001,2,AAKG9OAAFAAENy3AAn,http://mapa.um.warszawa.pl/mvimages/san13/fig/752_fig_7405038_S12_2_2.png,2,7513886.5631,5782406.9902
AAKG9OAAFAAENy3AAc,20.06.2014,Dzielnica Wawer,lipa drobnolistna,Tilia cordata,D381933,20,4,2001,1,AAKG9OAAFAAENy3AAc,http://mapa.um.warszawa.pl/mvimages/san13/fig/752_fig_7405038_S1E_1_1.png,1,7513921.3345,5782410.5484
AAKG9OAAFAAENy3AAm,20.06.2014,Dzielnica Wawer,lipa amerykańska,Tilia americana,D381943,140,13,2001,2,AAKG9OAAFAAENy3AAm,http://mapa.um.warszawa.pl/mvimages/san13/fig/752_fig_7405038_S15_2_2.png,2,7513894.1036,5782411.025
AAKG9OAAFAAENy3AAl,20.06.2014,Dzielnica Wawer,lipa amerykańska,Tilia americana,D381942,128,16,2001,2,AAKG9OAAFAAENy3AAl,http://mapa.um.warszawa.pl/mvimages/san13/fig/752_fig_7405038_S15_2_2.png,2,7513900.586,5782415.1262
AAKG9OAAFAAENy3AAe,20.06.2014,Dzielnica Wawer,lipa drobnolistna,Tilia cordata,D381935,13,12,2001,2,AAKG9OAAFAAENy3AAe,http://mapa.um.warszawa.pl/mvimages/san13/fig/752_fig_7405038_S15_2_2.png,2,7513928.1476,5782416.6338
AAKG9OAAFAAENy3AAb,20.06.2014,Dzielnica Wawer,lipa drobnolistna,Tilia cordata,D381932,19,4,2001,1,AAKG9OAAFAAENy3AAb,http://mapa.um.warszawa.pl/mvimages/san13/fig/752_fig_7405038_S1E_1_1.png,1,7513917.2336,5782417.0308
AAKG9OAAFAAENy3AAk,20.06.2014,Dzielnica Wawer,lipa amerykańska,Tilia americana,D381941,135,16,2001,3,AAKG9OAAFAAENy3AAk,http://mapa.um.warszawa.pl/mvimages/san13/fig/752_fig_7405038_S16_3_3.png,3,7513892.3839,5782419.161
AAKG9OAAFAAENy3AAf,20.06.2014,Dzielnica Wawer,lipa amerykańska,Tilia americana,D381936,186,12,2001,2,AAKG9OAAFAAENy3AAf,http://mapa.um.warszawa.pl/mvimages/san13/fig/752_fig_7405038_S15_2_2.png,2,7513924.5757,5782422.3885
AAKG9OAAFAAENy3AAg,20.06.2014,Dzielnica Wawer,jarząb pospolity ,Sorbus aucuparia,D381937,24,2,2001,1,AAKG9OAAFAAENy3AAg,http://mapa.um.warszawa.pl/mvimages/san13/fig/752_fig_7405038_S1F_1_1.png,1,7513936.3099,5782437.311
AAKG9OAAnAAHzF0AAL,20.06.2014,Dzielnica Wawer,czeremcha  sp.,Prunus  sp.(czeremcha),D379432,56,8,2001,1,AAKG9OAAnAAHzF0AAL,http://mapa.um.warszawa.pl/mvimages/san13/fig/752_fig_7405038_S1C_1_1.png,1,7513967.1545,5782457.8513
AAKG9OAAFAAENy3AAh,20.06.2014,Dzielnica Wawer,sumak octowiec,Rhus typhina,D381938,"40, 39, 40",6,2001,1,AAKG9OAAFAAENy3AAh,http://mapa.um.warszawa.pl/mvimages/san13/fig/752_fig_7405038_S14_1_1.png,1,7513870.4645,5782488.8829
AAKG9OAAFAAENy3AAj,20.06.2014,Dzielnica Wawer,jałowiec pospolity,Juniperus communis,D381940,20,4,2001,1,AAKG9OAAFAAENy3AAj,http://mapa.um.warszawa.pl/mvimages/san13/fig/752_fig_7405038_S1E_1_1.png,1,7513880.9618,5782493.5064
AAKG9OAAFAAENy3AAi,20.06.2014,Dzielnica Wawer,jałowiec pospolity,Juniperus communis,D381939,52,7,2001,1,AAKG9OAAFAAENy3AAi,http://mapa.um.warszawa.pl/mvimages/san13/fig/752_fig_7405038_S1F_1_1.png,1,7513878.5806,5782497.3165
AAKG9OAAnAAHzFSAAT,20.06.2014,Dzielnica Wawer,jałowiec pospolity,Juniperus communis,D380602,38,7,2001,1,AAKG9OAAnAAHzFSAAT,http://mapa.um.warszawa.pl/mvimages/san13/fig/752_fig_7405038_S1F_1_1.png,1,7513875.5786,5782501.4992
AAKG9OAAFAAENyQAAo,20.06.2014,Dzielnica Wawer,sumak octowiec,Rhus typhina,D381991,"22, 15",4,2001,1,AAKG9OAAFAAENyQAAo,http://mapa.um.warszawa.pl/mvimages/san13/fig/752_fig_7405038_S1B_1_1.png,1,7513861.0499,5782503.1285
AAKG9OAAnAAHzFSAAU,20.06.2014,Dzielnica Wawer,jałowiec pospolity,Juniperus communis,D380603,41,7,2001,1,AAKG9OAAnAAHzFSAAU,http://mapa.um.warszawa.pl/mvimages/san13/fig/752_fig_7405038_S1F_1_1.png,1,7513874.322,5782503.8804
AAKG9OAAFAAENyQAAn,20.06.2014,Dzielnica Wawer,brzoza brodawkowata,Betula pendula,D381990,32,5,2001,1,AAKG9OAAFAAENyQAAn,http://mapa.um.warszawa.pl/mvimages/san13/fig/752_fig_7405038_S1B_1_1.png,1,7513863.8611,5782505.3445
AAKG9OAAnAAHzFSAAV,20.06.2014,Dzielnica Wawer,jałowiec pospolity,Juniperus communis,D380604,"36, 28",7,2001,1,AAKG9OAAnAAHzFSAAV,http://mapa.um.warszawa.pl/mvimages/san13/fig/752_fig_7405038_S1F_1_1.png,1,7513872.7344,5782506.3278
AAKG9OAAFAAENyQAAm,20.06.2014,Dzielnica Wawer,wierzba biała,Salix alba,D381989,34,4,2001,1,AAKG9OAAFAAENyQAAm,http://mapa.um.warszawa.pl/mvimages/san13/fig/752_fig_7405038_S1F_1_1.png,1,7513860.6862,5782509.6441
AAKG9OAAFAAENyIAAM,20.06.2014,Dzielnica Wawer,brzoza brodawkowata,Betula pendula,D381982,"27, 28",8,2001,1,AAKG9OAAFAAENyIAAM,http://mapa.um.warszawa.pl/mvimages/san13/fig/752_fig_7405038_S1C_1_1.png,1,7513845.1501,5782534.5369
AAKG9OAAFAAENyIAAN,20.06.2014,Dzielnica Wawer,sosna pospolita,Pinus sylvestris,D381983,38,7,2001,1,AAKG9OAAFAAENyIAAN,http://mapa.um.warszawa.pl/mvimages/san13/fig/752_fig_7405038_S14_1_1.png,1,7513845.7785,5782535.5952
AAKG9OAAFAAENyIAAO,20.06.2014,Dzielnica Wawer,brzoza brodawkowata,Betula pendula,D381984,47,12,2001,1,AAKG9OAAFAAENyIAAO,http://mapa.um.warszawa.pl/mvimages/san13/fig/752_fig_7405038_S14_1_1.png,1,7513841.5589,5782539.8506
AAKG9OAAFAAENyQAAi,20.06.2014,Dzielnica Wawer,brzoza brodawkowata,Betula pendula,D381985,22,6,2001,1,AAKG9OAAFAAENyQAAi,http://mapa.um.warszawa.pl/mvimages/san13/fig/752_fig_7405038_S1B_1_1.png,1,7513839.3099,5782543.8194
AAKG9OAAFAAENyQAAk,20.06.2014,Dzielnica Wawer,jałowiec pospolity,Juniperus communis,D381987,8,2,2001,1,AAKG9OAAFAAENyQAAk,http://mapa.um.warszawa.pl/mvimages/san13/fig/752_fig_7405038_S1E_1_1.png,1,7513834.349,5782545.5392
AAKG9OAAFAAENyQAAl,20.06.2014,Dzielnica Wawer,jałowiec pospolity,Juniperus communis,D381988,10,2,2001,1,AAKG9OAAFAAENyQAAl,http://mapa.um.warszawa.pl/mvimages/san13/fig/752_fig_7405038_S1E_1_1.png,1,7513833.2245,5782546.1345
AAKG9OAAFAAENyQAAj,20.06.2014,Dzielnica Wawer,wierzba biała,Salix alba,D381986,71,10,2001,2,AAKG9OAAFAAENyQAAj,http://mapa.um.warszawa.pl/mvimages/san13/fig/752_fig_7405038_S11_2_2.png,2,7513837.7224,5782546.333
AAKG9OAAFAAENyUAAD,20.06.2014,Dzielnica Wawer,oliwnik wąskolistny,Elaeagnus angustifolia,D381996,"22, 27",4,2001,1,AAKG9OAAFAAENyUAAD,http://mapa.um.warszawa.pl/mvimages/san13/fig/752_fig_7405038_S1F_1_1.png,1,7513909.7863,5782558.2634
AAKG9OAAFAAENyUAAC,20.06.2014,Dzielnica Wawer,oliwnik wąskolistny,Elaeagnus angustifolia,D381995,"23, 17",4,2001,1,AAKG9OAAFAAENyUAAC,http://mapa.um.warszawa.pl/mvimages/san13/fig/752_fig_7405038_S1F_1_1.png,1,7513909.1116,5782558.9379
AAKG9OAAFAAENyQAAp,20.06.2014,Dzielnica Wawer,oliwnik wąskolistny,Elaeagnus angustifolia,D381992,32,4,2001,1,AAKG9OAAFAAENyQAAp,http://mapa.um.warszawa.pl/mvimages/san13/fig/752_fig_7405038_S1F_1_1.png,1,7513864.1655,5782568.9207
AAKG9OAAFAAENyUAAB,20.06.2014,Dzielnica Wawer,oliwnik wąskolistny,Elaeagnus angustifolia,D381994,27,4,2001,1,AAKG9OAAFAAENyUAAB,http://mapa.um.warszawa.pl/mvimages/san13/fig/752_fig_7405038_S1F_1_1.png,1,7513865.7529,5782569.7541
AAKG9OAAFAAENyUAAA,20.06.2014,Dzielnica Wawer,sumak octowiec,Rhus typhina,D381993,"34, 24",4,2001,1,AAKG9OAAFAAENyUAAA,http://mapa.um.warszawa.pl/mvimages/san13/fig/752_fig_7405038_S14_1_1.png,1,7513867.142,5782570.7066
AAKG9OAAFAAENyUAAY,20.06.2014,Dzielnica Wawer,sosna pospolita,Pinus sylvestris,D382017,123,14,2001,2,AAKG9OAAFAAENyUAAY,http://mapa.um.warszawa.pl/mvimages/san13/fig/752_fig_7405038_S11_2_2.png,2,7513767.4585,5782387.2432
AAKG9OAAFAAENyEAAk,20.06.2014,Dzielnica Wawer,brzoza brodawkowata,Betula pendula,D381965,96,15,2001,2,AAKG9OAAFAAENyEAAk,http://mapa.um.warszawa.pl/mvimages/san13/fig/752_fig_7405038_S11_2_2.png,2,7513770.1919,5782342.4313
AAKG9OAAFAAENzbAAP,20.06.2014,Dzielnica Wawer,sosna pospolita,Pinus sylvestris,D382019,114,10,2001,1,AAKG9OAAFAAENzbAAP,http://mapa.um.warszawa.pl/mvimages/san13/fig/752_fig_7405038_S14_1_1.png,1,7513770.5144,5782383.3141
AAKG9OAAFAAENzbAAZ,20.06.2014,Dzielnica Wawer,brzoza brodawkowata,Betula pendula,D382029,"38, 47",11,2001,1,AAKG9OAAFAAENzbAAZ,http://mapa.um.warszawa.pl/mvimages/san13/fig/752_fig_7405038_S1B_1_1.png,1,7513770.7364,5782362.6462
AAKG9OAAFAAENzbAAa,20.06.2014,Dzielnica Wawer,brzoza brodawkowata,Betula pendula,D382030,86,14,2001,1,AAKG9OAAFAAENzbAAa,http://mapa.um.warszawa.pl/mvimages/san13/fig/752_fig_7405038_S14_1_1.png,1,7513771.6955,5782361.1248
AAKG9OAAFAAENyUAAZ,20.06.2014,Dzielnica Wawer,kasztanowiec pospolity,Aesculus hippocastanum,D382018,26,5,2001,1,AAKG9OAAFAAENyUAAZ,http://mapa.um.warszawa.pl/mvimages/san13/fig/752_fig_7405038_S1B_1_1.png,1,7513771.8241,5782380.5359
AAKG9OAAFAAENyEAAl,20.06.2014,Dzielnica Wawer,brzoza brodawkowata,Betula pendula,D381966,100,15,2001,2,AAKG9OAAFAAENyEAAl,http://mapa.um.warszawa.pl/mvimages/san13/fig/752_fig_7405038_S11_2_2.png,2,7513776.3435,5782351.8902
AAKG9OAAFAAENzbAAY,20.06.2014,Dzielnica Wawer,modrzew europejski,Larix decidua,D382028,15,4,2001,1,AAKG9OAAFAAENzbAAY,http://mapa.um.warszawa.pl/mvimages/san13/fig/752_fig_7405038_S1E_1_1.png,1,7513779.418,5782366.4034
AAKG9OAAFAAENzbAAS,20.06.2014,Dzielnica Wawer,śliwa  sp.,Prunus  sp.(śliwa),D382022,"28, 24, 24",5,2001,1,AAKG9OAAFAAENzbAAS,http://mapa.um.warszawa.pl/mvimages/san13/fig/752_fig_7405038_S14_1_1.png,1,7513781.3032,5782363.8566
AAKG9OAAFAAENzbAAR,20.06.2014,Dzielnica Wawer,modrzew europejski,Larix decidua,D382021,21,6,2001,1,AAKG9OAAFAAENzbAAR,http://mapa.um.warszawa.pl/mvimages/san13/fig/752_fig_7405038_S1F_1_1.png,1,7513782.8908,5782363.6252
AAKG9OAAFAAENzbAAT,20.06.2014,Dzielnica Wawer,śliwa  sp.,Prunus  sp.(śliwa),D382023,"32, 24, 26",5,2001,1,AAKG9OAAFAAENzbAAT,http://mapa.um.warszawa.pl/mvimages/san13/fig/752_fig_7405038_S1B_1_1.png,1,7513782.9899,5782362.2361
AAKG9OAAFAAENzbAAQ,20.06.2014,Dzielnica Wawer,świerk pospolity,Picea abies,D382020,13,3,2001,1,AAKG9OAAFAAENzbAAQ,http://mapa.um.warszawa.pl/mvimages/san13/fig/752_fig_7405038_S1F_1_1.png,1,7513783.3869,5782362.9636
AAKG9OAAFAAENzbAAU,20.06.2014,Dzielnica Wawer,wiśnia  sp.,Prunus  sp.(wiśnia),D382024,11,2,2001,1,AAKG9OAAFAAENzbAAU,http://mapa.um.warszawa.pl/mvimages/san13/fig/752_fig_7405038_S1E_1_1.png,1,7513783.9159,5782361.2771
AAKG9OAAFAAENyEAAm,20.06.2014,Dzielnica Wawer,robinia  sp.,Robinia  sp.,D381967,"98, 127, 157",13,2001,3,AAKG9OAAFAAENyEAAm,http://mapa.um.warszawa.pl/mvimages/san13/fig/752_fig_7405038_S10_3_3.png,3,7513785.0085,5782334.2952
AAKG9OAAFAAENzbAAV,20.06.2014,Dzielnica Wawer,jarząb pospolity ,Sorbus aucuparia,D382025,17,4,2001,1,AAKG9OAAFAAENzbAAV,http://mapa.um.warszawa.pl/mvimages/san13/fig/752_fig_7405038_S1F_1_1.png,1,7513788.5793,5782355.6215
AAKG9OAAFAAENzbAAW,20.06.2014,Dzielnica Wawer,kasztanowiec pospolity,Aesculus hippocastanum,D382026,58,8,2001,1,AAKG9OAAFAAENzbAAW,http://mapa.um.warszawa.pl/mvimages/san13/fig/752_fig_7405038_S14_1_1.png,1,7513790.3652,5782356.6137
AAKG9OAAFAAENzbAAX,20.06.2014,Dzielnica Wawer,jarząb pospolity ,Sorbus aucuparia,D382027,"10, 8, 9",3,2001,1,AAKG9OAAFAAENzbAAX,http://mapa.um.warszawa.pl/mvimages/san13/fig/752_fig_7405038_S1F_1_1.png,1,7513792.0189,5782357.4736
AAKG9OAAFAAENyIAAG,20.06.2014,Dzielnica Wawer,jarząb pospolity ,Sorbus aucuparia,D381976,"24, 26",6,2001,1,AAKG9OAAFAAENyIAAG,http://mapa.um.warszawa.pl/mvimages/san13/fig/752_fig_7405038_S1B_1_1.png,1,7513798.1684,5782360.7878
AAKG9OAAFAAENyIAAF,20.06.2014,Dzielnica Wawer,jarząb pospolity ,Sorbus aucuparia,D381975,22,6,2001,1,AAKG9OAAFAAENyIAAF,http://mapa.um.warszawa.pl/mvimages/san13/fig/752_fig_7405038_S1B_1_1.png,1,7513799.6236,5782361.7801
AAKG9OAAFAAENyIAAE,20.06.2014,Dzielnica Wawer,jarząb pospolity ,Sorbus aucuparia,D381974,45,7,2001,1,AAKG9OAAFAAENyIAAE,http://mapa.um.warszawa.pl/mvimages/san13/fig/752_fig_7405038_S1B_1_1.png,1,7513801.211,5782362.7062
AAKG9OAAFAAENyIAAH,20.06.2014,Dzielnica Wawer,robinia  sp.,Robinia  sp.,D381977,155,16,2001,2,AAKG9OAAFAAENyIAAH,http://mapa.um.warszawa.pl/mvimages/san13/fig/752_fig_7405038_S11_2_2.png,2,7513809.9422,5782356.4222
AAKG9OAAFAAENyEAAn,20.06.2014,Dzielnica Wawer,robinia  sp.,Robinia  sp.,D381968,145,12,2001,2,AAKG9OAAFAAENyEAAn,http://mapa.um.warszawa.pl/mvimages/san13/fig/752_fig_7405038_S11_2_2.png,2,7513810.9378,5782317.362
AAKG9OAAFAAENyEAAo,20.06.2014,Dzielnica Wawer,robinia  sp.,Robinia  sp.,D381969,174,12,2001,2,AAKG9OAAFAAENyEAAo,http://mapa.um.warszawa.pl/mvimages/san13/fig/752_fig_7405038_S11_2_2.png,2,7513811.9697,5782316.8063
AAKG9OAAFAAENyIAAD,20.06.2014,Dzielnica Wawer,sosna pospolita,Pinus sylvestris,D381973,"19, 20",4,2001,1,AAKG9OAAFAAENyIAAD,http://mapa.um.warszawa.pl/mvimages/san13/fig/752_fig_7405038_S1B_1_1.png,1,7513813.6366,5782309.5832
AAKG9OAAFAAENyIAAI,20.06.2014,Dzielnica Wawer,sumak octowiec,Rhus typhina,D381978,32,4,2001,1,AAKG9OAAFAAENyIAAI,http://mapa.um.warszawa.pl/mvimages/san13/fig/752_fig_7405038_S1B_1_1.png,1,7513814.3741,5782359.3987
AAKG9OAAFAAENyIAAC,20.06.2014,Dzielnica Wawer,sosna pospolita,Pinus sylvestris,D381972,11,3,2001,1,AAKG9OAAFAAENyIAAC,http://mapa.um.warszawa.pl/mvimages/san13/fig/752_fig_7405038_S1E_1_1.png,1,7513814.3908,5782310.9723
AAKG9OAAFAAENyIAAA,20.06.2014,Dzielnica Wawer,brzoza brodawkowata,Betula pendula,D381970,102,14,2001,1,AAKG9OAAFAAENyIAAA,http://mapa.um.warszawa.pl/mvimages/san13/fig/752_fig_7405038_S1C_1_1.png,1,7513815.502,5782310.8136
AAKG9OAAFAAENyIAAB,20.06.2014,Dzielnica Wawer,robinia  sp.,Robinia  sp.,D381971,207,18,2001,2,AAKG9OAAFAAENyIAAB,http://mapa.um.warszawa.pl/mvimages/san13/fig/752_fig_7405038_S12_2_2.png,2,7513817.3276,5782307.2415
AAKG9OAAFAAENyEAAf,20.06.2014,Dzielnica Wawer,żywotnik zachodni,Thuja occidentalis,D381960,9,2,2001,1,AAKG9OAAFAAENyEAAf,http://mapa.um.warszawa.pl/mvimages/san13/fig/752_fig_7405038_S1E_1_1.png,1,7513824.0783,5782364.7792
AAKG9OAAnAAHzFRAAB,20.06.2014,Dzielnica Wawer,robinia  sp.,Robinia  sp.,D379526,198,19,2001,3,AAKG9OAAnAAHzFRAAB,http://mapa.um.warszawa.pl/mvimages/san13/fig/752_fig_7405038_S10_3_3.png,3,7513825.3564,5782295.6004
AAKG9OAAFAAENyEAAe,20.06.2014,Dzielnica Wawer,żywotnik zachodni,Thuja occidentalis,D381959,9,2,2001,1,AAKG9OAAFAAENyEAAe,http://mapa.um.warszawa.pl/mvimages/san13/fig/752_fig_7405038_S1E_1_1.png,1,7513826.195,5782365.9698
AAKG9OAAFAAENyUAAP,20.06.2014,Dzielnica Wawer,sosna pospolita,Pinus sylvestris,D382008,54,14,2001,1,AAKG9OAAFAAENyUAAP,http://mapa.um.warszawa.pl/mvimages/san13/fig/752_fig_7405038_S1B_1_1.png,1,7513733.7947,5782488.439
AAKG9OAAFAAENyEAAg,20.06.2014,Dzielnica Wawer,brzoza brodawkowata,Betula pendula,D381961,55,10,2001,1,AAKG9OAAFAAENyEAAg,http://mapa.um.warszawa.pl/mvimages/san13/fig/752_fig_7405038_S14_1_1.png,1,7513734.9494,5782320.8413
AAKG9OAAFAAENyUAAO,20.06.2014,Dzielnica Wawer,sosna pospolita,Pinus sylvestris,D382007,48,13,2001,1,AAKG9OAAFAAENyUAAO,http://mapa.um.warszawa.pl/mvimages/san13/fig/752_fig_7405038_S1B_1_1.png,1,7513735.3425,5782489.3517
AAKG9OAAFAAENyUAAQ,20.06.2014,Dzielnica Wawer,jarząb pospolity ,Sorbus aucuparia,D382009,71,8,2001,1,AAKG9OAAFAAENyUAAQ,http://mapa.um.warszawa.pl/mvimages/san13/fig/752_fig_7405038_S1B_1_1.png,1,7513737.0842,5782437.792
AAKG9OAAFAAENzbAAo,20.06.2014,Dzielnica Wawer,brzoza brodawkowata,Betula pendula,D382044,98,8,2001,1,AAKG9OAAFAAENzbAAo,http://mapa.um.warszawa.pl/mvimages/san13/fig/752_fig_7405038_S14_1_1.png,1,7513738.3041,5782414.7773
AAKG9OAAFAAENzbAAn,20.06.2014,Dzielnica Wawer,brzoza brodawkowata,Betula pendula,D382043,90,8,2001,1,AAKG9OAAFAAENzbAAn,http://mapa.um.warszawa.pl/mvimages/san13/fig/752_fig_7405038_S14_1_1.png,1,7513739.5938,5782412.1315
AAKG9OAAFAAENzbAAm,20.06.2014,Dzielnica Wawer,sumak octowiec,Rhus typhina,D382042,"22, 19, 17, 12",3,2001,1,AAKG9OAAFAAENzbAAm,http://mapa.um.warszawa.pl/mvimages/san13/fig/752_fig_7405038_S1B_1_1.png,1,7513742.6035,5782408.5264
AAKG9OAAFAAENyUAAV,20.06.2014,Dzielnica Wawer,wierzba biała,Salix alba,D382014,62,5,2001,1,AAKG9OAAFAAENyUAAV,http://mapa.um.warszawa.pl/mvimages/san13/fig/752_fig_7405038_S1C_1_1.png,1,7513743.2225,5782427.7908
AAKG9OAAFAAENyUAAU,20.06.2014,Dzielnica Wawer,żywotnik zachodni,Thuja occidentalis,D382013,19,3,2001,1,AAKG9OAAFAAENyUAAU,http://mapa.um.warszawa.pl/mvimages/san13/fig/752_fig_7405038_S1E_1_1.png,1,7513744.7042,5782424.9862
AAKG9OAAFAAENyUAAT,20.06.2014,Dzielnica Wawer,jaśminowiec  sp.,Philadelphus  sp.,D382012,"23, 22",5,2001,1,AAKG9OAAFAAENyUAAT,http://mapa.um.warszawa.pl/mvimages/san13/fig/752_fig_7405038_S1F_1_1.png,1,7513746.08,5782423.0811
AAKG9OAAFAAENzbAAj,20.06.2014,Dzielnica Wawer,sumak octowiec,Rhus typhina,D382039,"15, 14",3,2001,1,AAKG9OAAFAAENzbAAj,http://mapa.um.warszawa.pl/mvimages/san13/fig/752_fig_7405038_S1F_1_1.png,1,7513746.6302,5782401.2807
AAKG9OAAFAAENyUAAS,20.06.2014,Dzielnica Wawer,dąb czerwony,Quercus rubra,D382011,53,7,2001,1,AAKG9OAAFAAENyUAAS,http://mapa.um.warszawa.pl/mvimages/san13/fig/752_fig_7405038_S1B_1_1.png,1,7513746.9267,5782417.8422
AAKG9OAAFAAENyUAAR,20.06.2014,Dzielnica Wawer,klon srebrzysty,Acer saccharinum,D382010,120,13,2001,1,AAKG9OAAFAAENyUAAR,http://mapa.um.warszawa.pl/mvimages/san13/fig/752_fig_7405038_S1C_1_1.png,1,7513748.4084,5782415.6199
AAKG9OAAFAAENyEAAh,20.06.2014,Dzielnica Wawer,brzoza brodawkowata,Betula pendula,D381962,89,15,2001,1,AAKG9OAAFAAENyEAAh,http://mapa.um.warszawa.pl/mvimages/san13/fig/752_fig_7405038_S1C_1_1.png,1,7513748.9194,5782329.0964
AAKG9OAAFAAENzbAAk,20.06.2014,Dzielnica Wawer,sumak octowiec,Rhus typhina,D382040,40,5,2001,1,AAKG9OAAFAAENzbAAk,http://mapa.um.warszawa.pl/mvimages/san13/fig/752_fig_7405038_S14_1_1.png,1,7513748.9783,5782397.345
AAKG9OAAFAAENzbAAl,20.06.2014,Dzielnica Wawer,sumak octowiec,Rhus typhina,D382041,43,5,2001,1,AAKG9OAAFAAENzbAAl,http://mapa.um.warszawa.pl/mvimages/san13/fig/752_fig_7405038_S14_1_1.png,1,7513749.8382,5782396.0552
AAKG9OAAFAAENzbAAh,20.06.2014,Dzielnica Wawer,sumak octowiec,Rhus typhina,D382037,"45, 30",5,2001,1,AAKG9OAAFAAENzbAAh,http://mapa.um.warszawa.pl/mvimages/san13/fig/752_fig_7405038_S14_1_1.png,1,7513753.1745,5782391.261
AAKG9OAAFAAENyIAAL,20.06.2014,Dzielnica Wawer,klon jesionolistny,Acer negundo,D381981,94,11,2001,1,AAKG9OAAFAAENyIAAL,http://mapa.um.warszawa.pl/mvimages/san13/fig/752_fig_7405038_S14_1_1.png,1,7513753.2601,5782503.1305
AAKG9OAAFAAENzbAAi,20.06.2014,Dzielnica Wawer,klon srebrzysty,Acer saccharinum,D382038,"13, 10",2,2001,1,AAKG9OAAFAAENzbAAi,http://mapa.um.warszawa.pl/mvimages/san13/fig/752_fig_7405038_S1F_1_1.png,1,7513754.0478,5782389.8719
AAKG9OAAFAAENzbAAf,20.06.2014,Dzielnica Wawer,brzoza brodawkowata,Betula pendula,D382035,98,17,2001,2,AAKG9OAAFAAENzbAAf,http://mapa.um.warszawa.pl/mvimages/san13/fig/752_fig_7405038_S11_2_2.png,2,7513754.8018,5782388.7208
AAKG9OAAFAAENyIAAK,20.06.2014,Dzielnica Wawer,klon jesionolistny,Acer negundo,D381980,"80, 41",12,2001,2,AAKG9OAAFAAENyIAAK,http://mapa.um.warszawa.pl/mvimages/san13/fig/752_fig_7405038_S15_2_2.png,2,7513754.9006,5782503.9772
AAKG9OAAFAAENzbAAg,20.06.2014,Dzielnica Wawer,sumak octowiec,Rhus typhina,D382036,"28, 17",4,2001,1,AAKG9OAAFAAENzbAAg,http://mapa.um.warszawa.pl/mvimages/san13/fig/752_fig_7405038_S14_1_1.png,1,7513755.7543,5782387.2922
AAKG9OAAFAAENyIAAJ,20.06.2014,Dzielnica Wawer,klon jesionolistny,Acer negundo,D381979,78,12,2001,1,AAKG9OAAFAAENyIAAJ,http://mapa.um.warszawa.pl/mvimages/san13/fig/752_fig_7405038_S1C_1_1.png,1,7513756.8585,5782505.0355
AAKG9OAAFAAENyEAAi,20.06.2014,Dzielnica Wawer,świerk kłujący,Picea pungens,D381963,5,4,2001,1,AAKG9OAAFAAENyEAAi,http://mapa.um.warszawa.pl/mvimages/san13/fig/752_fig_7405038_S1F_1_1.png,1,7513757.1613,5782334.7583
AAKG9OAAFAAENzbAAe,20.06.2014,Dzielnica Wawer,sosna pospolita,Pinus sylvestris,D382034,38,4,2001,1,AAKG9OAAFAAENzbAAe,http://mapa.um.warszawa.pl/mvimages/san13/fig/752_fig_7405038_S1B_1_1.png,1,7513758.334,5782383.0853
AAKG9OAAFAAENzbAAd,20.06.2014,Dzielnica Wawer,brzoza brodawkowata,Betula pendula,D382033,79,14,2001,1,AAKG9OAAFAAENzbAAd,http://mapa.um.warszawa.pl/mvimages/san13/fig/752_fig_7405038_S14_1_1.png,1,7513761.6347,5782377.3968
AAKG9OAAFAAENzbAAc,20.06.2014,Dzielnica Wawer,brzoza brodawkowata,Betula pendula,D382032,73,14,2001,1,AAKG9OAAFAAENzbAAc,http://mapa.um.warszawa.pl/mvimages/san13/fig/752_fig_7405038_S1C_1_1.png,1,7513762.4285,5782375.9415
AAKG9OAAFAAENyUAAW,20.06.2014,Dzielnica Wawer,sosna pospolita,Pinus sylvestris,D382015,75,13,2001,1,AAKG9OAAFAAENyUAAW,http://mapa.um.warszawa.pl/mvimages/san13/fig/752_fig_7405038_S1B_1_1.png,1,7513765.355,5782391.847
AAKG9OAAFAAENyEAAj,20.06.2014,Dzielnica Wawer,brzoza brodawkowata,Betula pendula,D381964,87,15,2001,2,AAKG9OAAFAAENyEAAj,http://mapa.um.warszawa.pl/mvimages/san13/fig/752_fig_7405038_S11_2_2.png,2,7513765.7601,5782339.9178
AAKG9OAAFAAENyUAAX,20.06.2014,Dzielnica Wawer,wiąz szypułkowy,Ulmus laevis ,D382016,41,8,2001,1,AAKG9OAAFAAENyUAAX,http://mapa.um.warszawa.pl/mvimages/san13/fig/752_fig_7405038_S14_1_1.png,1,7513766.4662,5782390.2594
AAKG9OAAFAAENzbAAb,20.06.2014,Dzielnica Wawer,brzoza brodawkowata,Betula pendula,D382031,67,1,2001,1,AAKG9OAAFAAENzbAAb,http://mapa.um.warszawa.pl/mvimages/san13/fig/752_fig_7405038_S1C_1_1.png,1,7513767.2571,5782367.9048
AAKG9OAAnAAHzFRAAe,20.06.2014,Dzielnica Wawer,sosna czarna,Pinus nigra,D379555,46,7,2001,1,AAKG9OAAnAAHzFRAAe,http://mapa.um.warszawa.pl/mvimages/san13/fig/752_fig_7405038_S1B_1_1.png,1,7513893.5657,5782184.3908
AAKG9OAAnAAHzFRAAY,20.06.2014,Dzielnica Wawer,lipa  sp.,Tilia  sp.,D379549,"24, 23, 19",3,2001,1,AAKG9OAAnAAHzFRAAY,http://mapa.um.warszawa.pl/mvimages/san13/fig/752_fig_7405038_S1F_1_1.png,1,7513881.4902,5782185.8778
AAKG9OAAnAAHzFRAAc,20.06.2014,Dzielnica Wawer,świerk pospolity,Picea abies,D379553,14,2,2001,1,AAKG9OAAnAAHzFRAAc,http://mapa.um.warszawa.pl/mvimages/san13/fig/752_fig_7405038_S1F_1_1.png,1,7513891.2373,5782187.1161
AAKG9OAAnAAHzFRAAX,20.06.2014,Dzielnica Wawer,lipa  sp.,Tilia  sp.,D379548,"33, 18",3,2001,1,AAKG9OAAnAAHzFRAAX,http://mapa.um.warszawa.pl/mvimages/san13/fig/752_fig_7405038_S1F_1_1.png,1,7513880.6329,5782187.4018
AAKG9OAAnAAHzFRAAd,20.06.2014,Dzielnica Wawer,topola  sp.,Populus  sp.,D379554,94,18,2001,2,AAKG9OAAnAAHzFRAAd,http://mapa.um.warszawa.pl/mvimages/san13/fig/752_fig_7405038_S12_2_2.png,2,7513892.2692,5782187.5923
AAKG9OAAnAAHzFRAAb,20.06.2014,Dzielnica Wawer,dąb czerwony,Quercus rubra,D379552,55,10,2001,2,AAKG9OAAnAAHzFRAAb,http://mapa.um.warszawa.pl/mvimages/san13/fig/752_fig_7405038_S11_2_2.png,2,7513889.7292,5782187.8303
AAKG9OAAnAAHzFRAAa,20.06.2014,Dzielnica Wawer,czeremcha  sp.,Prunus  sp.(czeremcha),D379551,15,2,2001,1,AAKG9OAAnAAHzFRAAa,http://mapa.um.warszawa.pl/mvimages/san13/fig/752_fig_7405038_S14_1_1.png,1,7513888.4329,5782188.1478
AAKG9OAAnAAHzFRAAW,20.06.2014,Dzielnica Wawer,lipa  sp.,Tilia  sp.,D379547,29,3,2001,1,AAKG9OAAnAAHzFRAAW,http://mapa.um.warszawa.pl/mvimages/san13/fig/752_fig_7405038_S1F_1_1.png,1,7513879.6964,5782189.2434
AAKG9OAAnAAHzFRAAZ,20.06.2014,Dzielnica Wawer,dąb czerwony,Quercus rubra,D379550,110,14,2001,2,AAKG9OAAnAAHzFRAAZ,http://mapa.um.warszawa.pl/mvimages/san13/fig/752_fig_7405038_S15_2_2.png,2,7513888.7768,5782189.6825
AAKG9OAAnAAHzFRAAV,20.06.2014,Dzielnica Wawer,jarząb pospolity ,Sorbus aucuparia,D379546,32,4,2001,1,AAKG9OAAnAAHzFRAAV,http://mapa.um.warszawa.pl/mvimages/san13/fig/752_fig_7405038_S1B_1_1.png,1,7513877.6959,5782192.4978
AAKG9OAAnAAHzFRAAU,20.06.2014,Dzielnica Wawer,jarząb pospolity ,Sorbus aucuparia,D379545,"31, 31",7,2001,1,AAKG9OAAnAAHzFRAAU,http://mapa.um.warszawa.pl/mvimages/san13/fig/752_fig_7405038_S14_1_1.png,1,7513876.3943,5782194.2757
AAKG9OAAnAAHzFRAAT,20.06.2014,Dzielnica Wawer,śliwa ałycza,Prunus cerasifera,D379544,"6, 7, 5",3,2001,1,AAKG9OAAnAAHzFRAAT,http://mapa.um.warszawa.pl/mvimages/san13/fig/752_fig_7405038_S1E_1_1.png,1,7513882.3315,5782200.451
AAKG9OAAnAAHzFRAAS,20.06.2014,Dzielnica Wawer,lipa drobnolistna,Tilia cordata,D379543,16,3,2001,1,AAKG9OAAnAAHzFRAAS,http://mapa.um.warszawa.pl/mvimages/san13/fig/752_fig_7405038_S1F_1_1.png,1,7513880.8869,5782202.6578
AAKG9OAAnAAHzFRAAR,20.06.2014,Dzielnica Wawer,głóg sp.,Crataegus sp.,D379542,13,3,2001,1,AAKG9OAAnAAHzFRAAR,http://mapa.um.warszawa.pl/mvimages/san13/fig/752_fig_7405038_S1E_1_1.png,1,7513879.8392,5782204.3246
AAKG9OAAnAAHzFRAAQ,20.06.2014,Dzielnica Wawer,brzoza brodawkowata,Betula pendula,D379541,108,13,2001,1,AAKG9OAAnAAHzFRAAQ,http://mapa.um.warszawa.pl/mvimages/san13/fig/752_fig_7405038_S14_1_1.png,1,7513878.0771,5782206.7217
AAKG9OAAnAAHzFRAAP,20.06.2014,Dzielnica Wawer,lipa drobnolistna,Tilia cordata,D379540,"18, 19",3,2001,1,AAKG9OAAnAAHzFRAAP,http://mapa.um.warszawa.pl/mvimages/san13/fig/752_fig_7405038_S1B_1_1.png,1,7513876.5848,5782211.1667
AAKG9OAAnAAHzFRAAO,20.06.2014,Dzielnica Wawer,klon  sp.,Acer  sp.,D379539,148,13,2001,3,AAKG9OAAnAAHzFRAAO,http://mapa.um.warszawa.pl/mvimages/san13/fig/752_fig_7405038_S10_3_3.png,3,7513860.8859,5782215.3864
AAKG9OAAnAAHzFRAAM,20.06.2014,Dzielnica Wawer,lilak pospolity,Syringa vulgaris,D379537,"10, 16, 18, 18, 12",5,2001,1,AAKG9OAAnAAHzFRAAM,http://mapa.um.warszawa.pl/mvimages/san13/fig/752_fig_7405038_S14_1_1.png,1,7513868.2281,5782225.5069
AAKG9OAAnAAHzFRAAL,20.06.2014,Dzielnica Wawer,lipa szerokolistna,Tilia platyphyllos,D379536,59,9,2001,1,AAKG9OAAnAAHzFRAAL,http://mapa.um.warszawa.pl/mvimages/san13/fig/752_fig_7405038_S14_1_1.png,1,7513866.6737,5782228.0864
AAKG9OAAnAAHzFRAAK,20.06.2014,Dzielnica Wawer,kasztanowiec pospolity,Aesculus hippocastanum,D379535,59,9,2001,1,AAKG9OAAnAAHzFRAAK,http://mapa.um.warszawa.pl/mvimages/san13/fig/752_fig_7405038_S14_1_1.png,1,7513865.4169,5782229.9055
AAKG9OAAnAAHzFRAAJ,20.06.2014,Dzielnica Wawer,lipa drobnolistna,Tilia cordata,D379534,"30, 21, 27, 16, 29",8,2001,1,AAKG9OAAnAAHzFRAAJ,http://mapa.um.warszawa.pl/mvimages/san13/fig/752_fig_7405038_S14_1_1.png,1,7513863.9287,5782232.6836
AAKG9OAAnAAHzFfAAh,20.06.2014,Zarząd Zieleni m.st. Warszawy,klon jesionolistny,Acer negundo,D380279,"85, 61, 65",8,2001,2,AAKG9OAAnAAHzFfAAh,http://mapa.um.warszawa.pl/mvimages/san13/fig/752_fig_7405038_S11_2_2.png,2,7513659.2305,5782233.0022
AAKG9OAAnAAHzFRAAN,20.06.2014,Dzielnica Wawer,świerk  sp.,Picea  sp.,D379538,25,8,2001,1,AAKG9OAAnAAHzFRAAN,http://mapa.um.warszawa.pl/mvimages/san13/fig/752_fig_7405038_S1B_1_1.png,1,7513862.0435,5782235.098
AAKG9OAAnAAHzFRAAH,20.06.2014,Dzielnica Wawer,lipa drobnolistna,Tilia cordata,D379532,"82, 78",13,2001,2,AAKG9OAAnAAHzFRAAH,http://mapa.um.warszawa.pl/mvimages/san13/fig/752_fig_7405038_S11_2_2.png,2,7513849.3435,5782235.1641
AAKG9OAAnAAHzFRAAI,20.06.2014,Dzielnica Wawer,świerk pospolity,Picea abies,D379533,33,8,2001,1,AAKG9OAAnAAHzFRAAI,http://mapa.um.warszawa.pl/mvimages/san13/fig/752_fig_7405038_S14_1_1.png,1,7513861.5143,5782235.7264
AAKG9OAAnAAHzFRAAG,20.06.2014,Dzielnica Wawer,głóg sp.,Crataegus sp.,D379531,"26, 17",6,2001,1,AAKG9OAAnAAHzFRAAG,http://mapa.um.warszawa.pl/mvimages/san13/fig/752_fig_7405038_S1F_1_1.png,1,7513843.4697,5782263.7869
AAKG9OAAnAAHzFRAAF,20.06.2014,Dzielnica Wawer,brzoza brodawkowata,Betula pendula,D379530,105,15,2001,2,AAKG9OAAnAAHzFRAAF,http://mapa.um.warszawa.pl/mvimages/san13/fig/752_fig_7405038_S15_2_2.png,2,7513837.4372,5782273.8357
AAKG9OAAnAAHzFRAAE,20.06.2014,Dzielnica Wawer,brzoza brodawkowata,Betula pendula,D379529,110,15,2001,2,AAKG9OAAnAAHzFRAAE,http://mapa.um.warszawa.pl/mvimages/san13/fig/752_fig_7405038_S15_2_2.png,2,7513834.4368,5782278.4077
AAKG9OAAnAAHzFfAAi,20.06.2014,Dzielnica Wawer,klon jesionolistny,Acer negundo,D380280,"30, 39, 33",7,2001,2,AAKG9OAAnAAHzFfAAi,http://mapa.um.warszawa.pl/mvimages/san13/fig/752_fig_7405038_S11_2_2.png,2,7513623.7895,5782281.5799
AAKG9OAAnAAHzFRAAD,20.06.2014,Dzielnica Wawer,świerk pospolity,Picea abies,D379528,38,5,2001,1,AAKG9OAAnAAHzFRAAD,http://mapa.um.warszawa.pl/mvimages/san13/fig/752_fig_7405038_S1F_1_1.png,1,7513830.1982,5782286.7421
AAKG9OAAnAAHzFRAAC,20.06.2014,Dzielnica Wawer,robinia  sp.,Robinia  sp.,D379527,118,8,2001,2,AAKG9OAAnAAHzFRAAC,http://mapa.um.warszawa.pl/mvimages/san13/fig/752_fig_7405038_S12_2_2.png,2,7513824.753,5782295.4892
AAKG9OAAFAAENyIAAc,20.06.2014,Dzielnica Wawer,klon srebrzysty,Acer saccharinum,D382505,109,12,2001,1,AAKG9OAAFAAENyIAAc,http://mapa.um.warszawa.pl/mvimages/san13/fig/752_fig_7405038_S1C_1_1.png,1,7514609.5552,5781324.9168
AAKG9OAAFAAENyIAAS,20.06.2014,Dzielnica Wawer,klon srebrzysty,Acer saccharinum,D382495,110,11,2001,1,AAKG9OAAFAAENyIAAS,http://mapa.um.warszawa.pl/mvimages/san13/fig/752_fig_7405038_S1B_1_1.png,1,7514598.7601,5781327.2187
AAKG9OAAFAAENyIAAU,20.06.2014,Dzielnica Wawer,klon srebrzysty,Acer saccharinum,D382497,139,11,2001,1,AAKG9OAAFAAENyIAAU,http://mapa.um.warszawa.pl/mvimages/san13/fig/752_fig_7405038_S14_1_1.png,1,7514589.8701,5781330.8699
AAKG9OAAFAAENyIAAT,20.06.2014,Dzielnica Wawer,klon srebrzysty,Acer saccharinum,D382496,77,10,2001,1,AAKG9OAAFAAENyIAAT,http://mapa.um.warszawa.pl/mvimages/san13/fig/752_fig_7405038_S1B_1_1.png,1,7514596.1408,5781331.9813
AAKG9OAAFAAENzfAAH,20.06.2014,Dzielnica Wawer,klon srebrzysty,Acer saccharinum,D382559,164,14,2001,2,AAKG9OAAFAAENzfAAH,http://mapa.um.warszawa.pl/mvimages/san13/fig/752_fig_7405038_S11_2_2.png,2,7514582.7306,5781341.5206
AAKG9OAAFAAENzfAAK,20.06.2014,Dzielnica Wawer,klon srebrzysty,Acer saccharinum,D382562,79,11,2001,1,AAKG9OAAFAAENzfAAK,http://mapa.um.warszawa.pl/mvimages/san13/fig/752_fig_7405038_S14_1_1.png,1,7514589.2394,5781343.0022
AAKG9OAAFAAENzfAAP,20.06.2014,Dzielnica Wawer,topola biała,Populus alba,D382567,116,14,2001,1,AAKG9OAAFAAENzfAAP,http://mapa.um.warszawa.pl/mvimages/san13/fig/752_fig_7405038_S14_1_1.png,1,7514602.4421,5781344.1929
AAKG9OAAFAAENzfAAQ,20.06.2014,Dzielnica Wawer,klon jesionolistny,Acer negundo,D382568,94,8,2001,2,AAKG9OAAFAAENzfAAQ,http://mapa.um.warszawa.pl/mvimages/san13/fig/752_fig_7405038_S11_2_2.png,2,7514605.9611,5781345.8597
AAKG9OAAFAAENzfAAO,20.06.2014,Dzielnica Wawer,topola biała,Populus alba,D382566,"98, 106",14,2001,1,AAKG9OAAFAAENzfAAO,http://mapa.um.warszawa.pl/mvimages/san13/fig/752_fig_7405038_S1C_1_1.png,1,7514600.9869,5781345.9126
AAKG9OAAFAAENzfAAR,20.06.2014,Dzielnica Wawer,klon  sp.,Acer  sp.,D382569,18,4,2001,1,AAKG9OAAFAAENzfAAR,http://mapa.um.warszawa.pl/mvimages/san13/fig/752_fig_7405038_S1F_1_1.png,1,7514608.7656,5781346.7593
AAKG9OAAFAAENyYAAR,20.06.2014,Dzielnica Wawer,klon srebrzysty,Acer saccharinum,D382558,85,5,2001,1,AAKG9OAAFAAENyYAAR,http://mapa.um.warszawa.pl/mvimages/san13/fig/752_fig_7405038_S1B_1_1.png,1,7514580.6669,5781347.7117
AAKG9OAAFAAENzfAAJ,20.06.2014,Dzielnica Wawer,klon srebrzysty,Acer saccharinum,D382561,72,10,2001,1,AAKG9OAAFAAENzfAAJ,http://mapa.um.warszawa.pl/mvimages/san13/fig/752_fig_7405038_S1B_1_1.png,1,7514586.7523,5781347.8706
AAKG9OAAFAAENzfAAN,20.06.2014,Dzielnica Wawer,klon  sp.,Acer  sp.,D382565,92,12,2001,2,AAKG9OAAFAAENzfAAN,http://mapa.um.warszawa.pl/mvimages/san13/fig/752_fig_7405038_S15_2_2.png,2,7514601.3838,5781349.2993
AAKG9OAAFAAENzfAAI,20.06.2014,Dzielnica Wawer,klon srebrzysty,Acer saccharinum,D382560,95,13,2001,1,AAKG9OAAFAAENzfAAI,http://mapa.um.warszawa.pl/mvimages/san13/fig/752_fig_7405038_S1C_1_1.png,1,7514584.8473,5781351.5747
AAKG9OAAFAAENyYAAQ,20.06.2014,Dzielnica Wawer,śliwa domowa,Prunus domestica,D382557,"25, 23",5,2001,1,AAKG9OAAFAAENyYAAQ,http://mapa.um.warszawa.pl/mvimages/san13/fig/752_fig_7405038_S1B_1_1.png,1,7514578.2062,5781352.3157
AAKG9OAAFAAENyYAAO,20.06.2014,Dzielnica Wawer,klon srebrzysty,Acer saccharinum,D382555,269,15,2001,2,AAKG9OAAFAAENyYAAO,http://mapa.um.warszawa.pl/mvimages/san13/fig/752_fig_7405038_S12_2_2.png,2,7514575.7456,5781355.4112
AAKG9OAAFAAENzfAAM,20.06.2014,Dzielnica Wawer,grusza  sp.,Pyrus  sp.,D382564,58,7,2001,1,AAKG9OAAFAAENzfAAM,http://mapa.um.warszawa.pl/mvimages/san13/fig/752_fig_7405038_S1F_1_1.png,1,7514596.9652,5781355.5964
AAKG9OAAFAAENzfAAL,20.06.2014,Dzielnica Wawer,klon jesionolistny,Acer negundo,D382563,96,12,2001,1,AAKG9OAAFAAENzfAAL,http://mapa.um.warszawa.pl/mvimages/san13/fig/752_fig_7405038_S1C_1_1.png,1,7514596.3831,5781356.7077
AAKG9OAAFAAENyYAAN,20.06.2014,Dzielnica Wawer,klon pospolity,Acer platanoides,D382554,"24, 19",7,2001,1,AAKG9OAAFAAENyYAAN,http://mapa.um.warszawa.pl/mvimages/san13/fig/752_fig_7405038_S14_1_1.png,1,7514573.3643,5781358.9036
AAKG9OAAFAAENyYAAP,20.06.2014,Dzielnica Wawer,klon srebrzysty,Acer saccharinum,D382556,98,12,2001,2,AAKG9OAAFAAENyYAAP,http://mapa.um.warszawa.pl/mvimages/san13/fig/752_fig_7405038_S11_2_2.png,2,7514581.3548,5781359.8298
AAKG9OAAFAAENyYAAL,20.06.2014,Dzielnica Wawer,klon srebrzysty,Acer saccharinum,D382552,172,15,2001,2,AAKG9OAAFAAENyYAAL,http://mapa.um.warszawa.pl/mvimages/san13/fig/752_fig_7405038_S12_2_2.png,2,7514570.9301,5781368.9315
AAKG9OAAFAAENyYAAM,20.06.2014,Dzielnica Wawer,klon jesionolistny,Acer negundo,D382553,"72, 77",8,2001,1,AAKG9OAAFAAENyYAAM,http://mapa.um.warszawa.pl/mvimages/san13/fig/752_fig_7405038_S1C_1_1.png,1,7514566.3793,5781370.4131
AAKG9OAAFAAENyYAAK,20.06.2014,Dzielnica Wawer,klon srebrzysty,Acer saccharinum,D382551,96,10,2001,1,AAKG9OAAFAAENyYAAK,http://mapa.um.warszawa.pl/mvimages/san13/fig/752_fig_7405038_S1C_1_1.png,1,7514574.1052,5781373.9585
AAKG9OAAFAAENyYAAJ,20.06.2014,Dzielnica Wawer,klon srebrzysty,Acer saccharinum,D382550,215,13,2001,2,AAKG9OAAFAAENyYAAJ,http://mapa.um.warszawa.pl/mvimages/san13/fig/752_fig_7405038_S15_2_2.png,2,7514568.2843,5781375.3873
AAKG9OAAFAAENyYAAI,20.06.2014,Dzielnica Wawer,klon srebrzysty,Acer saccharinum,D382549,61,8,2001,1,AAKG9OAAFAAENyYAAI,http://mapa.um.warszawa.pl/mvimages/san13/fig/752_fig_7405038_S1B_1_1.png,1,7514574.5814,5781377.1336
AAKG9OAAFAAENyYAAH,20.06.2014,Dzielnica Wawer,klon srebrzysty,Acer saccharinum,D382548,122,14,2001,2,AAKG9OAAFAAENyYAAH,http://mapa.um.warszawa.pl/mvimages/san13/fig/752_fig_7405038_S15_2_2.png,2,7514567.7287,5781382.875
AAKG9OAAFAAENyYAAG,20.06.2014,Dzielnica Wawer,klon srebrzysty,Acer saccharinum,D382547,90,10,2001,2,AAKG9OAAFAAENyYAAG,http://mapa.um.warszawa.pl/mvimages/san13/fig/752_fig_7405038_S11_2_2.png,2,7514571.9357,5781386.8173
AAKG9OAAFAAENyYAAF,20.06.2014,Dzielnica Wawer,klon srebrzysty,Acer saccharinum,D382546,177,14,2001,2,AAKG9OAAFAAENyYAAF,http://mapa.um.warszawa.pl/mvimages/san13/fig/752_fig_7405038_S15_2_2.png,2,7514565.4797,5781393.6436
AAKG9OAAFAAENyYAAE,20.06.2014,Dzielnica Wawer,klon jesionolistny,Acer negundo,D382545,"16, 22",22,2001,1,AAKG9OAAFAAENyYAAE,http://mapa.um.warszawa.pl/mvimages/san13/fig/752_fig_7405038_S1E_1_1.png,1,7514561.6168,5781396.6069
AAKG9OAAFAAENyYAAD,20.06.2014,Dzielnica Wawer,robinia  sp.,Robinia  sp.,D382544,"61, 55, 21",7,2001,1,AAKG9OAAFAAENyYAAD,http://mapa.um.warszawa.pl/mvimages/san13/fig/752_fig_7405038_S1C_1_1.png,1,7514560.9818,5781398.8822
AAKG9OAAFAAENyYAAC,23.11.2015,Dzielnica Wawer,klon srebrzysty,Acer saccharinum,D382543,119,13,2001,2,AAKG9OAAFAAENyYAAC,http://mapa.um.warszawa.pl/mvimages/san13/fig/752_fig_7405038_S11_2_2.png,2,7514563.2572,5781404.4915
AAKG9OAAFAAENzJAAH,20.06.2014,Dzielnica Wawer,klon srebrzysty,Acer saccharinum,D382856,132,10,2001,2,AAKG9OAAFAAENzJAAH,http://mapa.um.warszawa.pl/mvimages/san13/fig/752_fig_7405038_S11_2_2.png,2,7514546.6418,5781114.8585
AAKG9OAAFAAENzZAAC,20.06.2014,Dzielnica Wawer,klon srebrzysty,Acer saccharinum,D382871,148,13,2001,2,AAKG9OAAFAAENzZAAC,http://mapa.um.warszawa.pl/mvimages/san13/fig/752_fig_7405038_S15_2_2.png,2,7514666.2608,5781114.9961
AAKG9OAAFAAENzJAAF,20.06.2014,Dzielnica Wawer,klon jesionolistny,Acer negundo,D382854,178,10,2001,2,AAKG9OAAFAAENzJAAF,http://mapa.um.warszawa.pl/mvimages/san13/fig/752_fig_7405038_S15_2_2.png,2,7514535.3717,5781115.299
AAKG9OAAFAAENzJAAE,20.06.2014,Dzielnica Wawer,klon jesionolistny,Acer negundo,D382853,196,10,2001,2,AAKG9OAAFAAENzJAAE,http://mapa.um.warszawa.pl/mvimages/san13/fig/752_fig_7405038_S15_2_2.png,2,7514532.1173,5781119.9821
AAKG9OAAFAAENzJAAG,20.06.2014,Dzielnica Wawer,klon srebrzysty,Acer saccharinum,D382855,104,9,2001,1,AAKG9OAAFAAENzJAAG,http://mapa.um.warszawa.pl/mvimages/san13/fig/752_fig_7405038_S14_1_1.png,1,7514542.6277,5781122.0646
AAKG9OAAFAAENzZAAB,20.06.2014,Dzielnica Wawer,klon srebrzysty,Acer saccharinum,D382870,71,16,2001,3,AAKG9OAAFAAENzZAAB,http://mapa.um.warszawa.pl/mvimages/san13/fig/752_fig_7405038_S1G_3_3.png,3,7514680.3796,5781125.0923
AAKG9OAAFAAENzZAAA,20.06.2014,Dzielnica Wawer,klon srebrzysty,Acer saccharinum,D382869,112,15,2001,2,AAKG9OAAFAAENzZAAA,http://mapa.um.warszawa.pl/mvimages/san13/fig/752_fig_7405038_S15_2_2.png,2,7514684.7178,5781128.405
AAKG9OAAFAAENzJAAD,20.06.2014,Dzielnica Wawer,klon srebrzysty,Acer saccharinum,D382852,99,9,2001,1,AAKG9OAAFAAENzJAAD,http://mapa.um.warszawa.pl/mvimages/san13/fig/752_fig_7405038_S14_1_1.png,1,7514537.2594,5781128.4485
AAKG9OAAFAAENztAAo,20.06.2014,Dzielnica Wawer,klon srebrzysty,Acer saccharinum,D382868,213,15,2001,2,AAKG9OAAFAAENztAAo,http://mapa.um.warszawa.pl/mvimages/san13/fig/752_fig_7405038_S12_2_2.png,2,7514690.4758,5781132.5855
AAKG9OAAFAAENzJAAB,20.06.2014,Dzielnica Wawer,klon srebrzysty,Acer saccharinum,D382850,141,9,2001,1,AAKG9OAAFAAENzJAAB,http://mapa.um.warszawa.pl/mvimages/san13/fig/752_fig_7405038_S1C_1_1.png,1,7514534.551,5781133.0913
AAKG9OAAFAAENztAAm,20.06.2014,Dzielnica Wawer,klon srebrzysty,Acer saccharinum,D382866,137,11,2001,2,AAKG9OAAFAAENztAAm,http://mapa.um.warszawa.pl/mvimages/san13/fig/752_fig_7405038_S15_2_2.png,2,7514679.7092,5781195.2131
AAKG9OAAFAAENztAAk,20.06.2014,Dzielnica Wawer,klon srebrzysty,Acer saccharinum,D382864,211,12,2001,2,AAKG9OAAFAAENztAAk,http://mapa.um.warszawa.pl/mvimages/san13/fig/752_fig_7405038_S12_2_2.png,2,7514690.4758,5781196.2779
AAKG9OAAFAAENztAAl,20.06.2014,Dzielnica Wawer,klon srebrzysty,Acer saccharinum,D382865,89,9,2001,2,AAKG9OAAFAAENztAAl,http://mapa.um.warszawa.pl/mvimages/san13/fig/752_fig_7405038_S11_2_2.png,2,7514676.3571,5781200.34
AAKG9OAAFAAENyUAAc,20.06.2014,Dzielnica Wawer,klon srebrzysty,Acer saccharinum,D382528,136,15,2001,2,AAKG9OAAFAAENyUAAc,http://mapa.um.warszawa.pl/mvimages/san13/fig/752_fig_7405038_S11_2_2.png,2,7514673.2934,5781206.6655
AAKG9OAAFAAENzfAAd,20.06.2014,Dzielnica Wawer,klon  sp.,Acer  sp.,D382581,"16, 15, 15, 13",4,2001,1,AAKG9OAAFAAENzfAAd,http://mapa.um.warszawa.pl/mvimages/san13/fig/752_fig_7405038_S1F_1_1.png,1,7514547.714,5781211.5683
AAKG9OAAFAAENyUAAb,20.06.2014,Dzielnica Wawer,klon srebrzysty,Acer saccharinum,D382527,123,10,2001,1,AAKG9OAAFAAENyUAAb,http://mapa.um.warszawa.pl/mvimages/san13/fig/752_fig_7405038_S1C_1_1.png,1,7514668.0017,5781216.1243
AAKG9OAAFAAENyUAAd,20.06.2014,Dzielnica Wawer,klon srebrzysty,Acer saccharinum,D382529,250,17,2001,2,AAKG9OAAFAAENyUAAd,http://mapa.um.warszawa.pl/mvimages/san13/fig/752_fig_7405038_S15_2_2.png,2,7514676.733,5781216.3227
AAKG9OAAFAAENyUAAa,20.06.2014,Dzielnica Wawer,klon srebrzysty,Acer saccharinum,D382526,66,8,2001,1,AAKG9OAAFAAENyUAAa,http://mapa.um.warszawa.pl/mvimages/san13/fig/752_fig_7405038_S1B_1_1.png,1,7514664.2976,5781221.1515
AAKG9OAAFAAENyMAAB,20.06.2014,Dzielnica Wawer,klon pospolity,Acer platanoides,D382519,"17, 18",3,2001,1,AAKG9OAAFAAENyMAAB,http://mapa.um.warszawa.pl/mvimages/san13/fig/752_fig_7405038_S1E_1_1.png,1,7514592.0662,5781222.1436
AAKG9OAAFAAENyUAAe,20.06.2014,Dzielnica Wawer,jabłoń  sp.,Malus  sp.,D382530,21,4,2001,1,AAKG9OAAFAAENyUAAe,http://mapa.um.warszawa.pl/mvimages/san13/fig/752_fig_7405038_S1F_1_1.png,1,7514672.8965,5781225.2524
AAKG9OAAFAAENyMAAH,20.06.2014,Dzielnica Wawer,klon srebrzysty,Acer saccharinum,D382525,142,14,2001,2,AAKG9OAAFAAENyMAAH,http://mapa.um.warszawa.pl/mvimages/san13/fig/752_fig_7405038_S11_2_2.png,2,7514660.5934,5781225.7815
AAKG9OAAFAAENyMAAF,20.06.2014,Dzielnica Wawer,wiąz szypułkowy,Ulmus laevis ,D382523,195,16,2001,2,AAKG9OAAFAAENyMAAF,http://mapa.um.warszawa.pl/mvimages/san13/fig/752_fig_7405038_S11_2_2.png,2,7514649.4147,5781229.618
AAKG9OAAFAAENyMAAG,20.06.2014,Dzielnica Wawer,klon srebrzysty,Acer saccharinum,D382524,90,8,2001,1,AAKG9OAAFAAENyMAAG,http://mapa.um.warszawa.pl/mvimages/san13/fig/752_fig_7405038_S14_1_1.png,1,7514659.1382,5781230.015
AAKG9OAAFAAENyMAAE,20.06.2014,Dzielnica Wawer,klon jesionolistny,Acer negundo,D382522,"57, 41, 45",7,2001,2,AAKG9OAAFAAENyMAAE,http://mapa.um.warszawa.pl/mvimages/san13/fig/752_fig_7405038_S11_2_2.png,2,7514649.9439,5781232.8592
AAKG9OAAFAAENyMAAC,20.06.2014,Dzielnica Wawer,morwa biała,Morus alba,D382520,96,8,2001,1,AAKG9OAAFAAENyMAAC,http://mapa.um.warszawa.pl/mvimages/san13/fig/752_fig_7405038_S1C_1_1.png,1,7514642.9324,5781238.4815
AAKG9OAAFAAENy7AAi,20.06.2014,Dzielnica Wawer,klon jesionolistny,Acer negundo,D382489,"37, 17, 11",4,2001,1,AAKG9OAAFAAENy7AAi,http://mapa.um.warszawa.pl/mvimages/san13/fig/752_fig_7405038_S1B_1_1.png,1,7514681.1267,5781240.0155
AAKG9OAAFAAENyMAAD,20.06.2014,Dzielnica Wawer,klon srebrzysty,Acer saccharinum,D382521,98,12,2001,1,AAKG9OAAFAAENyMAAD,http://mapa.um.warszawa.pl/mvimages/san13/fig/752_fig_7405038_S1C_1_1.png,1,7514644.9168,5781241.9874
AAKG9OAAFAAENyUAAi,20.06.2014,Dzielnica Wawer,klon srebrzysty,Acer saccharinum,D382534,269,20,2001,3,AAKG9OAAFAAENyUAAi,http://mapa.um.warszawa.pl/mvimages/san13/fig/752_fig_7405038_S10_3_3.png,3,7514638.7652,5781249.7264
AAKG9OAAFAAENyUAAf,20.06.2014,Dzielnica Wawer,klon srebrzysty,Acer saccharinum,D382531,200,17,2001,3,AAKG9OAAFAAENyUAAf,http://mapa.um.warszawa.pl/mvimages/san13/fig/752_fig_7405038_S1G_3_3.png,3,7514655.5663,5781250.3218
AAKG9OAAFAAENyUAAh,20.06.2014,Dzielnica Wawer,klon srebrzysty,Acer saccharinum,D382533,50,8,2001,1,AAKG9OAAFAAENyUAAh,http://mapa.um.warszawa.pl/mvimages/san13/fig/752_fig_7405038_S14_1_1.png,1,7514646.769,5781253.4968
AAKG9OAAFAAENyUAAg,20.06.2014,Dzielnica Wawer,klon srebrzysty,Acer saccharinum,D382532,182,16,2001,2,AAKG9OAAFAAENyUAAg,http://mapa.um.warszawa.pl/mvimages/san13/fig/752_fig_7405038_S15_2_2.png,2,7514652.1929,5781256.8702
AAKG9OAAFAAENzQAAa,20.06.2014,Dzielnica Wawer,klon  sp.,Acer  sp.,D382707,"32, 28, 29",7,2001,1,AAKG9OAAFAAENzQAAa,http://mapa.um.warszawa.pl/mvimages/san13/fig/752_fig_7405038_S14_1_1.png,1,7514538.2842,5781514.6524
AAKG9OAAFAAENzQAAV,20.06.2014,Dzielnica Wawer,klon srebrzysty,Acer saccharinum,D382702,92,12,2001,1,AAKG9OAAFAAENzQAAV,http://mapa.um.warszawa.pl/mvimages/san13/fig/752_fig_7405038_S1C_1_1.png,1,7514547.0948,5781514.9701
AAKG9OAAFAAENzEAAL,20.06.2014,Dzielnica Wawer,klon srebrzysty,Acer saccharinum,D382668,146,12,2001,2,AAKG9OAAFAAENzEAAL,http://mapa.um.warszawa.pl/mvimages/san13/fig/752_fig_7405038_S15_2_2.png,2,7514554.5622,5781516.3836
AAKG9OAAFAAENzQAAZ,20.06.2014,Dzielnica Wawer,klon  sp.,Acer  sp.,D382706,13,4,2001,1,AAKG9OAAFAAENzQAAZ,http://mapa.um.warszawa.pl/mvimages/san13/fig/752_fig_7405038_S1F_1_1.png,1,7514539.3161,5781517.5099
AAKG9OAAFAAENzQAAY,20.06.2014,Dzielnica Wawer,klon  sp.,Acer  sp.,D382705,28,5,2001,1,AAKG9OAAFAAENzQAAY,http://mapa.um.warszawa.pl/mvimages/san13/fig/752_fig_7405038_S1F_1_1.png,1,7514539.1573,5781519.9706
AAKG9OAAFAAENzQAAU,20.06.2014,Dzielnica Wawer,klon srebrzysty,Acer saccharinum,D382701,143,8,2001,1,AAKG9OAAFAAENzQAAU,http://mapa.um.warszawa.pl/mvimages/san13/fig/752_fig_7405038_S1B_1_1.png,1,7514539.2366,5781522.2724
AAKG9OAAFAAENzQAAT,20.06.2014,Dzielnica Wawer,klon srebrzysty,Acer saccharinum,D382700,69,9,2001,1,AAKG9OAAFAAENzQAAT,http://mapa.um.warszawa.pl/mvimages/san13/fig/752_fig_7405038_S14_1_1.png,1,7514545.8248,5781522.6694
AAKG9OAAFAAENzQAAX,20.06.2014,Dzielnica Wawer,klon pospolity,Acer platanoides,D382704,9,3,2001,1,AAKG9OAAFAAENzQAAX,http://mapa.um.warszawa.pl/mvimages/san13/fig/752_fig_7405038_S1E_1_1.png,1,7514538.2842,5781524.1775
AAKG9OAAFAAENzEAAN,20.06.2014,Dzielnica Wawer,klon srebrzysty,Acer saccharinum,D382670,108,12,2001,2,AAKG9OAAFAAENzEAAN,http://mapa.um.warszawa.pl/mvimages/san13/fig/752_fig_7405038_S11_2_2.png,2,7514553.7685,5781524.5857
AAKG9OAAFAAENzQAAW,20.06.2014,Dzielnica Wawer,robinia  sp.,Robinia  sp.,D382703,18,4,2001,1,AAKG9OAAFAAENzQAAW,http://mapa.um.warszawa.pl/mvimages/san13/fig/752_fig_7405038_S1F_1_1.png,1,7514537.5698,5781525.4476
AAKG9OAAFAAENzQAAS,20.06.2014,Dzielnica Wawer,klon srebrzysty,Acer saccharinum,D382699,200,15,2001,2,AAKG9OAAFAAENzQAAS,http://mapa.um.warszawa.pl/mvimages/san13/fig/752_fig_7405038_S15_2_2.png,2,7514538.4429,5781528.702
AAKG9OAAFAAENzQAAQ,20.06.2014,Dzielnica Wawer,klon srebrzysty,Acer saccharinum,D382697,112,13,2001,2,AAKG9OAAFAAENzQAAQ,http://mapa.um.warszawa.pl/mvimages/san13/fig/752_fig_7405038_S11_2_2.png,2,7514544.0786,5781531.1625
AAKG9OAAFAAENzQAAR,20.06.2014,Dzielnica Wawer,jałowiec pospolity,Juniperus communis,D382698,"24, 17",3,2001,1,AAKG9OAAFAAENzQAAR,http://mapa.um.warszawa.pl/mvimages/san13/fig/752_fig_7405038_S1E_1_1.png,1,7514534.3948,5781533.385
AAKG9OAAFAAENzQAAP,20.06.2014,Dzielnica Wawer,klon srebrzysty,Acer saccharinum,D382696,100,10,2001,1,AAKG9OAAFAAENzQAAP,http://mapa.um.warszawa.pl/mvimages/san13/fig/752_fig_7405038_S1C_1_1.png,1,7514542.5703,5781538.7825
AAKG9OAAFAAENzEAAM,20.06.2014,Dzielnica Wawer,klon srebrzysty,Acer saccharinum,D382669,148,13,2001,2,AAKG9OAAFAAENzEAAM,http://mapa.um.warszawa.pl/mvimages/san13/fig/752_fig_7405038_S12_2_2.png,2,7514550.8316,5781539.9978
AAKG9OAAFAAENzEAAe,20.06.2014,Dzielnica Wawer,klon  sp.,Acer  sp.,D382688,22,3,2001,1,AAKG9OAAFAAENzEAAe,http://mapa.um.warszawa.pl/mvimages/san13/fig/752_fig_7405038_S1F_1_1.png,1,7514505.7404,5781541.1638
AAKG9OAAFAAENzEAAf,20.06.2014,Dzielnica Wawer,klon jawor,Acer pseudoplatanus,D382689,65,10,2001,1,AAKG9OAAFAAENzEAAf,http://mapa.um.warszawa.pl/mvimages/san13/fig/752_fig_7405038_S1C_1_1.png,1,7514514.7098,5781543.3863
AAKG9OAAFAAENzEAAg,20.06.2014,Dzielnica Wawer,klon srebrzysty,Acer saccharinum,D382690,142,16,2001,2,AAKG9OAAFAAENzEAAg,http://mapa.um.warszawa.pl/mvimages/san13/fig/752_fig_7405038_S12_2_2.png,2,7514521.8536,5781544.8944
AAKG9OAAFAAENzEAAh,20.06.2014,Dzielnica Wawer,klon jawor,Acer pseudoplatanus,D382691,82,13,2001,2,AAKG9OAAFAAENzEAAh,http://mapa.um.warszawa.pl/mvimages/san13/fig/752_fig_7405038_S11_2_2.png,2,7514527.9655,5781546.7201
AAKG9OAAFAAENzEAAi,20.06.2014,Dzielnica Wawer,klon jawor,Acer pseudoplatanus,D382692,9,8,2001,2,AAKG9OAAFAAENzEAAi,http://mapa.um.warszawa.pl/mvimages/san13/fig/752_fig_7405038_S11_2_2.png,2,7514535.9029,5781547.4344
AAKG9OAAFAAENzEAAO,20.06.2014,Dzielnica Wawer,klon srebrzysty,Acer saccharinum,D382671,98,12,2001,2,AAKG9OAAFAAENzEAAO,http://mapa.um.warszawa.pl/mvimages/san13/fig/752_fig_7405038_S11_2_2.png,2,7514549.4822,5781547.9352
AAKG9OAAFAAENzEAAR,20.06.2014,Dzielnica Wawer,klon jawor,Acer pseudoplatanus,D382674,123,11,2001,1,AAKG9OAAFAAENzEAAR,http://mapa.um.warszawa.pl/mvimages/san13/fig/752_fig_7405038_S1C_1_1.png,1,7514568.1354,5781554.7615
AAKG9OAAFAAENzQAAO,20.06.2014,Dzielnica Wawer,klon srebrzysty,Acer saccharinum,D382695,73,12,2001,1,AAKG9OAAFAAENzQAAO,http://mapa.um.warszawa.pl/mvimages/san13/fig/752_fig_7405038_S1C_1_1.png,1,7514539.0779,5781556.9594
AAKG9OAAFAAENzEAAj,20.06.2014,Dzielnica Wawer,klon srebrzysty,Acer saccharinum,D382693,137,12,2001,1,AAKG9OAAFAAENzEAAj,http://mapa.um.warszawa.pl/mvimages/san13/fig/752_fig_7405038_S1C_1_1.png,1,7514532.0929,5781557.5151
AAKG9OAAFAAENzEAAS,20.06.2014,Dzielnica Wawer,klon  sp.,Acer  sp.,D382676,169,13,2001,2,AAKG9OAAFAAENzEAAS,http://mapa.um.warszawa.pl/mvimages/san13/fig/752_fig_7405038_S15_2_2.png,2,7514585.0422,5781557.9365
AAKG9OAAFAAENzEAAT,20.06.2014,Dzielnica Wawer,klon jawor,Acer pseudoplatanus,D382677,97,7,2001,1,AAKG9OAAFAAENzEAAT,http://mapa.um.warszawa.pl/mvimages/san13/fig/752_fig_7405038_S14_1_1.png,1,7514598.2185,5781560.4765
AAKG9OAAFAAENzEAAP,20.06.2014,Dzielnica Wawer,klon srebrzysty,Acer saccharinum,D382672,158,18,2001,3,AAKG9OAAFAAENzEAAP,http://mapa.um.warszawa.pl/mvimages/san13/fig/752_fig_7405038_S1G_3_3.png,3,7514546.3071,5781560.5558
AAKG9OAAFAAENzEAAU,20.06.2014,Dzielnica Wawer,klon jawor,Acer pseudoplatanus,D382678,186,15,2001,2,AAKG9OAAFAAENzEAAU,http://mapa.um.warszawa.pl/mvimages/san13/fig/752_fig_7405038_S12_2_2.png,2,7514606.1561,5781562.5401
AAKG9OAAFAAENzEAAk,20.06.2014,Dzielnica Wawer,klon srebrzysty,Acer saccharinum,D382694,71,11,2001,1,AAKG9OAAFAAENzEAAk,http://mapa.um.warszawa.pl/mvimages/san13/fig/752_fig_7405038_S1C_1_1.png,1,7514532.0136,5781563.5476
AAKG9OAAFAAENzEAAV,20.06.2014,Dzielnica Wawer,klon  sp.,Acer  sp.,D382679,152,11,2001,1,AAKG9OAAFAAENzEAAV,http://mapa.um.warszawa.pl/mvimages/san13/fig/752_fig_7405038_S1C_1_1.png,1,7514621.8723,5781565.874
AAKG9OAAFAAENzEAAQ,20.06.2014,Dzielnica Wawer,klon srebrzysty,Acer saccharinum,D382673,245,13,2001,3,AAKG9OAAFAAENzEAAQ,http://mapa.um.warszawa.pl/mvimages/san13/fig/752_fig_7405038_S1G_3_3.png,3,7514544.4815,5781567.3027
AAKG9OAAFAAENz3AAk,20.06.2014,Dzielnica Wawer,lipa drobnolistna,Tilia cordata,D382630,79,8,2001,2,AAKG9OAAFAAENz3AAk,http://mapa.um.warszawa.pl/mvimages/san13/fig/752_fig_7405038_S11_2_2.png,2,7514504.3249,5781435.8954
AAKG9OAAFAAENz3AAn,20.06.2014,Dzielnica Wawer,lipa drobnolistna,Tilia cordata,D382633,99,11,2001,2,AAKG9OAAFAAENz3AAn,http://mapa.um.warszawa.pl/mvimages/san13/fig/752_fig_7405038_S12_2_2.png,2,7514504.6424,5781427.4287
AAKG9OAAFAAENz3AAl,20.06.2014,Dzielnica Wawer,klon srebrzysty,Acer saccharinum,D382631,206,17,2001,3,AAKG9OAAFAAENz3AAl,http://mapa.um.warszawa.pl/mvimages/san13/fig/752_fig_7405038_S16_3_3.png,3,7514510.675,5781437.2712
AAKG9OAAFAAENz3AAm,20.06.2014,Dzielnica Wawer,lipa drobnolistna,Tilia cordata,D382632,"84, 42, 35, 40, 41",7,2001,1,AAKG9OAAFAAENz3AAm,http://mapa.um.warszawa.pl/mvimages/san13/fig/752_fig_7405038_S1C_1_1.png,1,7514512.3683,5781429.1221
AAKG9OAAnAAHzFbAAA,20.06.2014,Dzielnica Wawer,lipa drobnolistna,Tilia cordata,D381277,106,7,2001,1,AAKG9OAAnAAHzFbAAA,http://mapa.um.warszawa.pl/mvimages/san13/fig/752_fig_7405038_S1C_1_1.png,1,7514519.5769,5781430.2768
AAKG9OAAnAAHzFbAAB,20.06.2014,Dzielnica Wawer,lipa drobnolistna,Tilia cordata,D381278,121,8,2001,2,AAKG9OAAnAAHzFbAAB,http://mapa.um.warszawa.pl/mvimages/san13/fig/752_fig_7405038_S11_2_2.png,2,7514526.5117,5781440.3902
AAKG9OAAnAAHzFbAAC,20.06.2014,Dzielnica Wawer,lipa drobnolistna,Tilia cordata,D381279,89,7,2001,2,AAKG9OAAnAAHzFbAAC,http://mapa.um.warszawa.pl/mvimages/san13/fig/752_fig_7405038_S11_2_2.png,2,7514528.679,5781432.0105
AAKG9OAAnAAHzFbAAD,20.06.2014,Dzielnica Wawer,lipa drobnolistna,Tilia cordata,D381280,114,13,2001,2,AAKG9OAAnAAHzFbAAD,http://mapa.um.warszawa.pl/mvimages/san13/fig/752_fig_7405038_S11_2_2.png,2,7514534.1691,5781442.1962
AAKG9OAAnAAHzFbAAH,20.06.2014,Dzielnica Wawer,klon srebrzysty,Acer saccharinum,D381284,124,16,2001,2,AAKG9OAAnAAHzFbAAH,http://mapa.um.warszawa.pl/mvimages/san13/fig/752_fig_7405038_S11_2_2.png,2,7514535.8306,5781433.5276
AAKG9OAAnAAHzFbAAE,20.06.2014,Dzielnica Wawer,klon srebrzysty,Acer saccharinum,D381281,92,12,2001,1,AAKG9OAAnAAHzFbAAE,http://mapa.um.warszawa.pl/mvimages/san13/fig/752_fig_7405038_S1C_1_1.png,1,7514540.5262,5781442.9908
AAKG9OAAFAAENzQAAb,20.06.2014,Dzielnica Wawer,klon pospolity,Acer platanoides,D382708,91,11,2001,1,AAKG9OAAFAAENzQAAb,http://mapa.um.warszawa.pl/mvimages/san13/fig/752_fig_7405038_S14_1_1.png,1,7514542.9673,5781506.2387
AAKG9OAAnAAHzF9AAI,20.06.2014,Dzielnica Wawer,klon srebrzysty,Acer saccharinum,D381603,168,13,2001,1,AAKG9OAAnAAHzF9AAI,http://mapa.um.warszawa.pl/mvimages/san13/fig/752_fig_7405038_S1C_1_1.png,1,7514546.0592,5781489.4246
AAKG9OAAnAAHzF9AAH,20.06.2014,Dzielnica Wawer,klon srebrzysty,Acer saccharinum,D381602,184,14,2001,1,AAKG9OAAnAAHzF9AAH,http://mapa.um.warszawa.pl/mvimages/san13/fig/752_fig_7405038_S1C_1_1.png,1,7514546.5876,5781481.826
AAKG9OAAnAAHzFbAAF,20.06.2014,Dzielnica Wawer,lipa drobnolistna,Tilia cordata,D381282,78,9,2001,1,AAKG9OAAnAAHzFbAAF,http://mapa.um.warszawa.pl/mvimages/san13/fig/752_fig_7405038_S1C_1_1.png,1,7514546.7387,5781444.291
AAKG9OAAFAAENzQAAc,20.06.2014,Dzielnica Wawer,klon srebrzysty,Acer saccharinum,D382709,156,15,2001,2,AAKG9OAAFAAENzQAAc,http://mapa.um.warszawa.pl/mvimages/san13/fig/752_fig_7405038_S15_2_2.png,2,7514548.6822,5781506.6357
AAKG9OAAnAAHzF9AAG,20.06.2014,Dzielnica Wawer,klon srebrzysty,Acer saccharinum,D381601,168,13,2001,1,AAKG9OAAnAAHzF9AAG,http://mapa.um.warszawa.pl/mvimages/san13/fig/752_fig_7405038_S1C_1_1.png,1,7514549.7976,5781472.8052
AAKG9OAAnAAHzF9AAM,20.06.2014,Dzielnica Wawer,klon jesionolistny,Acer negundo,D381607,98,10,2001,1,AAKG9OAAnAAHzF9AAM,http://mapa.um.warszawa.pl/mvimages/san13/fig/752_fig_7405038_S14_1_1.png,1,7514549.9194,5781499.1769
AAKG9OAAnAAHzF9AAF,20.06.2014,Dzielnica Wawer,klon srebrzysty,Acer saccharinum,D381600,95,13,2001,1,AAKG9OAAnAAHzF9AAF,http://mapa.um.warszawa.pl/mvimages/san13/fig/752_fig_7405038_S14_1_1.png,1,7514550.9352,5781465.8973
AAKG9OAAnAAHzFbAAG,20.06.2014,Dzielnica Wawer,lipa drobnolistna,Tilia cordata,D381283,120,10,2001,2,AAKG9OAAnAAHzFbAAG,http://mapa.um.warszawa.pl/mvimages/san13/fig/752_fig_7405038_S11_2_2.png,2,7514551.1453,5781445.3025
AAKG9OAAnAAHzFbAAI,20.06.2014,Dzielnica Wawer,lipa drobnolistna,Tilia cordata,D381285,95,8,2001,1,AAKG9OAAnAAHzFbAAI,http://mapa.um.warszawa.pl/mvimages/san13/fig/752_fig_7405038_S1C_1_1.png,1,7514552.879,5781437.1394
AAKG9OAAnAAHzF9AAJ,20.06.2014,Dzielnica Wawer,klon srebrzysty,Acer saccharinum,D381604,78,12,2001,1,AAKG9OAAnAAHzF9AAJ,http://mapa.um.warszawa.pl/mvimages/san13/fig/752_fig_7405038_S1B_1_1.png,1,7514553.1297,5781482.9231
AAKG9OAAnAAHzF9AAE,20.06.2014,Dzielnica Wawer,klon srebrzysty,Acer saccharinum,D381599,94,13,2001,1,AAKG9OAAnAAHzF9AAE,http://mapa.um.warszawa.pl/mvimages/san13/fig/752_fig_7405038_S14_1_1.png,1,7514553.1371,5781458.4124
AAKG9OAAnAAHzF9AAD,20.06.2014,Dzielnica Wawer,robinia  sp.,Robinia  sp.,D381598,"126, 96",13,2001,1,AAKG9OAAnAAHzF9AAD,http://mapa.um.warszawa.pl/mvimages/san13/fig/752_fig_7405038_S1C_1_1.png,1,7514553.7392,5781453.4632
AAKG9OAAnAAHzF9AAK,20.06.2014,Dzielnica Wawer,klon srebrzysty,Acer saccharinum,D381605,81,13,2001,1,AAKG9OAAnAAHzF9AAK,http://mapa.um.warszawa.pl/mvimages/san13/fig/752_fig_7405038_S1B_1_1.png,1,7514554.2267,5781475.4057
AAKG9OAAnAAHzF9AAN,20.06.2014,Dzielnica Wawer,klon srebrzysty,Acer saccharinum,D381608,97,13,2001,1,AAKG9OAAnAAHzF9AAN,http://mapa.um.warszawa.pl/mvimages/san13/fig/752_fig_7405038_S14_1_1.png,1,7514555.3908,5781467.5745
AAKG9OAAnAAHzFKAAG,20.06.2014,Dzielnica Wawer,klon srebrzysty,Acer saccharinum,D381615,143,13,2001,2,AAKG9OAAnAAHzFKAAG,http://mapa.um.warszawa.pl/mvimages/san13/fig/752_fig_7405038_S11_2_2.png,2,7514557.4083,5781433.1794
AAKG9OAAnAAHzFKAAF,20.06.2014,Dzielnica Wawer,klon srebrzysty,Acer saccharinum,D381614,144,11,2001,2,AAKG9OAAnAAHzFKAAF,http://mapa.um.warszawa.pl/mvimages/san13/fig/752_fig_7405038_S11_2_2.png,2,7514558.1245,5781500.7229
AAKG9OAAnAAHzFKAAI,20.06.2014,Dzielnica Wawer,klon srebrzysty,Acer saccharinum,D381617,108,13,2001,2,AAKG9OAAnAAHzFKAAI,http://mapa.um.warszawa.pl/mvimages/san13/fig/752_fig_7405038_S11_2_2.png,2,7514558.4376,5781426.1362
AAKG9OAAnAAHzF9AAL,20.06.2014,Dzielnica Wawer,klon srebrzysty,Acer saccharinum,D381606,140,13,2001,1,AAKG9OAAnAAHzF9AAL,http://mapa.um.warszawa.pl/mvimages/san13/fig/752_fig_7405038_S14_1_1.png,1,7514558.9808,5781451.5534
AAKG9OAAnAAHzFKAAE,20.06.2014,Dzielnica Wawer,śliwa  sp.,Prunus  sp.(śliwa),D381613,"17, 13, 14, 10",3,2001,1,AAKG9OAAnAAHzFKAAE,http://mapa.um.warszawa.pl/mvimages/san13/fig/752_fig_7405038_S1F_1_1.png,1,7514559.0999,5781495.305
AAKG9OAAnAAHzFKAAD,20.06.2014,Dzielnica Wawer,klon srebrzysty,Acer saccharinum,D381612,131,11,2001,1,AAKG9OAAnAAHzFKAAD,http://mapa.um.warszawa.pl/mvimages/san13/fig/752_fig_7405038_S14_1_1.png,1,7514559.6957,5781492.0543
AAKG9OAAFAAENzEAAW,20.06.2014,Dzielnica Wawer,klon jawor,Acer pseudoplatanus,D382680,123,10,2001,1,AAKG9OAAFAAENzEAAW,http://mapa.um.warszawa.pl/mvimages/san13/fig/752_fig_7405038_S14_1_1.png,1,7514644.9705,5781570.0808
AAKG9OAAFAAENz7AAY,20.06.2014,Dzielnica Wawer,wiśnia karłowata,Prunus fruticosa,D382660,17,3,2001,1,AAKG9OAAFAAENz7AAY,http://mapa.um.warszawa.pl/mvimages/san13/fig/752_fig_7405038_S1E_1_1.png,1,7514652.571,5781570.7503
AAKG9OAAFAAENzEAAE,20.06.2014,Dzielnica Wawer,wiśnia karłowata,Prunus fruticosa,D382661,19,3,2001,1,AAKG9OAAFAAENzEAAE,http://mapa.um.warszawa.pl/mvimages/san13/fig/752_fig_7405038_S1E_1_1.png,1,7514678.6324,5781576.4389
AAKG9OAAFAAENzEAAF,20.06.2014,Dzielnica Wawer,wiśnia karłowata,Prunus fruticosa,D382662,17,3,2001,1,AAKG9OAAFAAENzEAAF,http://mapa.um.warszawa.pl/mvimages/san13/fig/752_fig_7405038_S1E_1_1.png,1,7514681.9399,5781577.6295
AAKG9OAAFAAENzRAAV,20.06.2014,Dzielnica Wawer,klon srebrzysty,Acer saccharinum,D382364,84,12,2001,1,AAKG9OAAFAAENzRAAV,http://mapa.um.warszawa.pl/mvimages/san13/fig/752_fig_7405038_S1C_1_1.png,1,7514526.831,5781579.0771
AAKG9OAAFAAENzRAAW,20.06.2014,Dzielnica Wawer,klon srebrzysty,Acer saccharinum,D382365,71,11,2001,1,AAKG9OAAFAAENzRAAW,http://mapa.um.warszawa.pl/mvimages/san13/fig/752_fig_7405038_S1C_1_1.png,1,7514533.4985,5781579.765
AAKG9OAAFAAENzRAAU,20.06.2014,Dzielnica Wawer,klon srebrzysty,Acer saccharinum,D382363,75,11,2001,1,AAKG9OAAFAAENzRAAU,http://mapa.um.warszawa.pl/mvimages/san13/fig/752_fig_7405038_S1C_1_1.png,1,7514526.0372,5781581.8815
AAKG9OAAFAAENzRAAT,20.06.2014,Dzielnica Wawer,klon srebrzysty,Acer saccharinum,D382362,110,16,2001,2,AAKG9OAAFAAENzRAAT,http://mapa.um.warszawa.pl/mvimages/san13/fig/752_fig_7405038_S12_2_2.png,2,7514525.5081,5781584.845
AAKG9OAAFAAENzRAAa,20.06.2014,Dzielnica Wawer,klon srebrzysty,Acer saccharinum,D382369,172,17,2001,3,AAKG9OAAFAAENzRAAa,http://mapa.um.warszawa.pl/mvimages/san13/fig/752_fig_7405038_S1G_3_3.png,3,7514543.7115,5781585.0036
AAKG9OAAFAAENzRAAX,20.06.2014,Dzielnica Wawer,klon srebrzysty,Acer saccharinum,D382366,75,11,2001,1,AAKG9OAAFAAENzRAAX,http://mapa.um.warszawa.pl/mvimages/san13/fig/752_fig_7405038_S1C_1_1.png,1,7514532.6517,5781587.1204
AAKG9OAAFAAENzRAAb,20.06.2014,Dzielnica Wawer,klon srebrzysty,Acer saccharinum,D382370,157,15,2001,2,AAKG9OAAFAAENzRAAb,http://mapa.um.warszawa.pl/mvimages/san13/fig/752_fig_7405038_S15_2_2.png,2,7514542.071,5781588.7078
AAKG9OAAFAAENzRAAS,20.06.2014,Dzielnica Wawer,lipa drobnolistna,Tilia cordata,D382361,7,2,2001,1,AAKG9OAAFAAENzRAAS,http://mapa.um.warszawa.pl/mvimages/san13/fig/752_fig_7405038_S1E_1_1.png,1,7514524.238,5781589.0255
AAKG9OAAFAAENzRAAQ,20.06.2014,Dzielnica Wawer,klon srebrzysty,Acer saccharinum,D382359,143,15,2001,3,AAKG9OAAFAAENzRAAQ,http://mapa.um.warszawa.pl/mvimages/san13/fig/752_fig_7405038_S1G_3_3.png,3,7514526.778,5781591.4066
AAKG9OAAFAAENzRAAR,20.06.2014,Dzielnica Wawer,klon srebrzysty,Acer saccharinum,D382360,102,17,2001,2,AAKG9OAAFAAENzRAAR,http://mapa.um.warszawa.pl/mvimages/san13/fig/752_fig_7405038_S12_2_2.png,2,7514531.2759,5781592.1476
AAKG9OAAFAAENzRAAO,20.06.2014,Dzielnica Wawer,klon srebrzysty,Acer saccharinum,D382357,84,11,2001,1,AAKG9OAAFAAENzRAAO,http://mapa.um.warszawa.pl/mvimages/san13/fig/752_fig_7405038_S1C_1_1.png,1,7514522.8092,5781599.9792
AAKG9OAAFAAENzRAAP,20.06.2014,Dzielnica Wawer,klon srebrzysty,Acer saccharinum,D382358,69,13,2001,2,AAKG9OAAFAAENzRAAP,http://mapa.um.warszawa.pl/mvimages/san13/fig/752_fig_7405038_S11_2_2.png,2,7514524.9789,5781600.085
AAKG9OAAFAAENzRAAY,20.06.2014,Dzielnica Wawer,klon srebrzysty,Acer saccharinum,D382367,185,17,2001,2,AAKG9OAAFAAENzRAAY,http://mapa.um.warszawa.pl/mvimages/san13/fig/752_fig_7405038_S15_2_2.png,2,7514538.5785,5781600.6671
AAKG9OAAFAAENzRAAZ,20.06.2014,Dzielnica Wawer,klon srebrzysty,Acer saccharinum,D382368,186,17,2001,2,AAKG9OAAFAAENzRAAZ,http://mapa.um.warszawa.pl/mvimages/san13/fig/752_fig_7405038_S12_2_2.png,2,7514539.4252,5781607.5463
AAKG9OAAFAAENztAAi,20.06.2014,Dzielnica Wawer,klon srebrzysty,Acer saccharinum,D382355,160,17,2001,2,AAKG9OAAFAAENztAAi,http://mapa.um.warszawa.pl/mvimages/san13/fig/752_fig_7405038_S12_2_2.png,2,7514523.5501,5781608.7103
AAKG9OAAFAAENzRAAN,20.06.2014,Dzielnica Wawer,klon srebrzysty,Acer saccharinum,D382356,69,15,2001,1,AAKG9OAAFAAENzRAAN,http://mapa.um.warszawa.pl/mvimages/san13/fig/752_fig_7405038_S1C_1_1.png,1,7514528.1538,5781608.7634
AAKG9OAAFAAENzRAAc,20.06.2014,Dzielnica Wawer,klon srebrzysty,Acer saccharinum,D382371,135,17,2001,2,AAKG9OAAFAAENzRAAc,http://mapa.um.warszawa.pl/mvimages/san13/fig/752_fig_7405038_S15_2_2.png,2,7514535.9327,5781616.0659
AAKG9OAAFAAENztAAg,20.06.2014,Dzielnica Wawer,klon srebrzysty,Acer saccharinum,D382353,140,16,2001,2,AAKG9OAAFAAENztAAg,http://mapa.um.warszawa.pl/mvimages/san13/fig/752_fig_7405038_S12_2_2.png,2,7514521.3806,5781618.6587
AAKG9OAAFAAENztAAh,20.06.2014,Dzielnica Wawer,klon srebrzysty,Acer saccharinum,D382354,54,12,2001,1,AAKG9OAAFAAENztAAh,http://mapa.um.warszawa.pl/mvimages/san13/fig/752_fig_7405038_S14_1_1.png,1,7514525.561,5781618.8175
AAKG9OAAFAAENzRAAd,20.06.2014,Dzielnica Wawer,klon srebrzysty,Acer saccharinum,D382372,216,18,2001,1,AAKG9OAAFAAENzRAAd,http://mapa.um.warszawa.pl/mvimages/san13/fig/752_fig_7405038_S1C_1_1.png,1,7514534.7157,5781623.1038
AAKG9OAAFAAENztAAf,20.06.2014,Dzielnica Wawer,klon srebrzysty,Acer saccharinum,D382352,168,16,2001,2,AAKG9OAAFAAENztAAf,http://mapa.um.warszawa.pl/mvimages/san13/fig/752_fig_7405038_S15_2_2.png,2,7514521.3276,5781623.8446
AAKG9OAAFAAENzRAAe,20.06.2014,Dzielnica Wawer,śliwa domowa węgierka,Prunus domestica subsp. domestica,D382373,"23, 21",4,2001,1,AAKG9OAAFAAENzRAAe,http://mapa.um.warszawa.pl/mvimages/san13/fig/752_fig_7405038_S1B_1_1.png,1,7514534.5568,5781632.4701
AAKG9OAAFAAENztAAd,20.06.2014,Dzielnica Wawer,topola czarna,Populus nigra,D382350,81,17,2001,1,AAKG9OAAFAAENztAAd,http://mapa.um.warszawa.pl/mvimages/san13/fig/752_fig_7405038_S1C_1_1.png,1,7514498.9333,5781641.122
AAKG9OAAFAAENzRAAf,20.06.2014,Dzielnica Wawer,topola czarna,Populus nigra,D382374,114,14,2001,2,AAKG9OAAFAAENzRAAf,http://mapa.um.warszawa.pl/mvimages/san13/fig/752_fig_7405038_S11_2_2.png,2,7514557.7344,5781645.6993
AAKG9OAAFAAENzRAAg,20.06.2014,Dzielnica Wawer,topola czarna,Populus nigra,D382375,196,17,2001,2,AAKG9OAAFAAENzRAAg,http://mapa.um.warszawa.pl/mvimages/san13/fig/752_fig_7405038_S11_2_2.png,2,7514568.1062,5781647.4455
AAKG9OAAFAAENzRAAh,20.06.2014,Dzielnica Wawer,brzoza brodawkowata,Betula pendula,D382376,22,7,2001,1,AAKG9OAAFAAENzRAAh,http://mapa.um.warszawa.pl/mvimages/san13/fig/752_fig_7405038_S1B_1_1.png,1,7514597.6045,5781654.9385
AAKG9OAAFAAENzRAAi,20.06.2014,Dzielnica Wawer,brzoza brodawkowata,Betula pendula,D382377,7,4,2001,1,AAKG9OAAFAAENzRAAi,http://mapa.um.warszawa.pl/mvimages/san13/fig/752_fig_7405038_S1E_1_1.png,1,7514599.7476,5781655.4941
AAKG9OAAFAAENzhAAd,20.06.2014,Zarząd Zieleni m.st. Warszawy,głóg sp.,Crataegus sp.,D382941,50,7,2001,1,AAKG9OAAFAAENzhAAd,http://mapa.um.warszawa.pl/mvimages/san13/fig/752_fig_7405038_S14_1_1.png,1,7514577.8915,5780773.9778
AAKG9OAAnAAHxCvAAI,20.06.2014,Zarząd Zieleni m.st. Warszawy,klon jesionolistny,Acer negundo,D376683,308,20,2001,3,AAKG9OAAnAAHxCvAAI,http://mapa.um.warszawa.pl/mvimages/san13/fig/752_fig_7405038_S16_3_3.png,3,7514447.1559,5780816.6583
AAKG9OAAnAAHxCvAAH,20.06.2014,Zarząd Zieleni m.st. Warszawy,klon jesionolistny,Acer negundo,D376682,140,13,2001,1,AAKG9OAAnAAHxCvAAH,http://mapa.um.warszawa.pl/mvimages/san13/fig/752_fig_7405038_S1C_1_1.png,1,7514448.7436,5780817.1874
AAKG9OAAFAAENyQAAN,20.06.2014,Dzielnica Wawer,robinia  sp.,Robinia  sp.,D383620,200,17,2001,4,AAKG9OAAFAAENyQAAN,http://mapa.um.warszawa.pl/mvimages/san13/fig/752_fig_7405038_S13_4_4.png,4,7514689.5586,5780833.2748
AAKG9OAAFAAENzXAAg,20.06.2014,Dzielnica Wawer,klon jesionolistny,Acer negundo,D383651,69,10,2001,2,AAKG9OAAFAAENzXAAg,http://mapa.um.warszawa.pl/mvimages/san13/fig/752_fig_7405038_S11_2_2.png,2,7514578.3161,5780900.8683
AAKG9OAAFAAENzUAAZ,20.06.2014,Zarząd Zieleni m.st. Warszawy,klon jesionolistny,Acer negundo,D383288,129,10,2001,3,AAKG9OAAFAAENzUAAZ,http://mapa.um.warszawa.pl/mvimages/san13/fig/752_fig_7405038_S16_3_3.png,3,7514508.7392,5780906.6952
AAKG9OAAFAAENzXAAd,20.06.2014,Dzielnica Wawer,klon jesionolistny,Acer negundo,D383648,131,8,2001,3,AAKG9OAAFAAENzXAAd,http://mapa.um.warszawa.pl/mvimages/san13/fig/752_fig_7405038_S10_3_3.png,3,7514646.3056,5780936.0062
AAKG9OAAFAAENzUAAa,20.06.2014,Zarząd Zieleni m.st. Warszawy,robinia  sp.,Robinia  sp.,D383289,67,9,2001,2,AAKG9OAAFAAENzUAAa,http://mapa.um.warszawa.pl/mvimages/san13/fig/752_fig_7405038_S15_2_2.png,2,7514486.371,5780937.6287
AAKG9OAAFAAENzsAAN,20.06.2014,Zarząd Zieleni m.st. Warszawy,topola  sp.,Populus  sp.,D382779,"179, 92",15,2001,2,AAKG9OAAFAAENzsAAN,http://mapa.um.warszawa.pl/mvimages/san13/fig/752_fig_7405038_S15_2_2.png,2,7514483.3806,5780945.4969
AAKG9OAAFAAENzUAAY,20.06.2014,Dzielnica Wawer,klon jesionolistny,Acer negundo,D383287,58,7,2001,2,AAKG9OAAFAAENzUAAY,http://mapa.um.warszawa.pl/mvimages/san13/fig/752_fig_7405038_S11_2_2.png,2,7514559.6143,5780946.8283
AAKG9OAAFAAENzsAAM,20.06.2014,Zarząd Zieleni m.st. Warszawy,klon jesionolistny,Acer negundo,D382778,"73, 48",7,2001,1,AAKG9OAAFAAENzsAAM,http://mapa.um.warszawa.pl/mvimages/san13/fig/752_fig_7405038_S14_1_1.png,1,7514480.8008,5780947.2166
AAKG9OAAFAAENzXAAe,20.06.2014,Dzielnica Wawer,klon jesionolistny,Acer negundo,D383649,186,10,2001,3,AAKG9OAAFAAENzXAAe,http://mapa.um.warszawa.pl/mvimages/san13/fig/752_fig_7405038_S1G_3_3.png,3,7514636.5559,5780950.2418
AAKG9OAAFAAENzXAAf,20.06.2014,Dzielnica Wawer,klon jesionolistny,Acer negundo,D383650,140,11,2001,3,AAKG9OAAFAAENzXAAf,http://mapa.um.warszawa.pl/mvimages/san13/fig/752_fig_7405038_S10_3_3.png,3,7514634.1338,5780953.9578
AAKG9OAAFAAENzXAAh,20.06.2014,Dzielnica Wawer,klon jesionolistny,Acer negundo,D383652,169,10,2001,3,AAKG9OAAFAAENzXAAh,http://mapa.um.warszawa.pl/mvimages/san13/fig/752_fig_7405038_S16_3_3.png,3,7514623.2151,5780971.1506
AAKG9OAAFAAENzXAAi,20.06.2014,Dzielnica Wawer,klon jesionolistny,Acer negundo,D383653,100,10,2001,2,AAKG9OAAFAAENzXAAi,http://mapa.um.warszawa.pl/mvimages/san13/fig/752_fig_7405038_S15_2_2.png,2,7514621.2084,5780976.1709
AAKG9OAAFAAENzXAAj,20.06.2014,Dzielnica Wawer,klon jesionolistny,Acer negundo,D383654,136,11,2001,3,AAKG9OAAFAAENzXAAj,http://mapa.um.warszawa.pl/mvimages/san13/fig/752_fig_7405038_S10_3_3.png,3,7514615.3218,5780983.8151
AAKG9OAAFAAENzsAAO,20.06.2014,Dzielnica Wawer,jesion wyniosły,Fraxinus excelsior,D382780,127,10,2001,2,AAKG9OAAFAAENzsAAO,http://mapa.um.warszawa.pl/mvimages/san13/fig/752_fig_7405038_S11_2_2.png,2,7514486.4895,5780985.9782
AAKG9OAAFAAENzsAAR,20.06.2014,Zarząd Zieleni m.st. Warszawy,klon jesionolistny,Acer negundo,D382783,"63, 102, 211",9,2001,3,AAKG9OAAFAAENzsAAR,http://mapa.um.warszawa.pl/mvimages/san13/fig/752_fig_7405038_S1G_3_3.png,3,7514436.6154,5780988.161
AAKG9OAAFAAENzsAAP,20.06.2014,Dzielnica Wawer,klon srebrzysty,Acer saccharinum,D382781,159,13,2001,2,AAKG9OAAFAAENzsAAP,http://mapa.um.warszawa.pl/mvimages/san13/fig/752_fig_7405038_S11_2_2.png,2,7514490.5243,5780989.0871
AAKG9OAAFAAENzXAAk,20.06.2014,Dzielnica Wawer,klon jesionolistny,Acer negundo,D383655,110,11,2001,2,AAKG9OAAFAAENzXAAk,http://mapa.um.warszawa.pl/mvimages/san13/fig/752_fig_7405038_S12_2_2.png,2,7514611.1199,5780989.8455
AAKG9OAAFAAENzFAAk,20.06.2014,Dzielnica Wawer,sumak octowiec,Rhus typhina,D382844,16,3,2001,1,AAKG9OAAFAAENzFAAk,http://mapa.um.warszawa.pl/mvimages/san13/fig/752_fig_7405038_S1E_1_1.png,1,7514531.3738,5780990.5483
AAKG9OAAFAAENzsAAQ,20.06.2014,Dzielnica Wawer,klon srebrzysty,Acer saccharinum,D382782,131,12,2001,2,AAKG9OAAFAAENzsAAQ,http://mapa.um.warszawa.pl/mvimages/san13/fig/752_fig_7405038_S11_2_2.png,2,7514498.1973,5780995.371
AAKG9OAAFAAENzXAAl,20.06.2014,Dzielnica Wawer,klon jesionolistny,Acer negundo,D383656,97,9,2001,2,AAKG9OAAFAAENzXAAl,http://mapa.um.warszawa.pl/mvimages/san13/fig/752_fig_7405038_S15_2_2.png,2,7514606.9622,5780996.0855
AAKG9OAAFAAENzXAAm,20.06.2014,Dzielnica Wawer,klon jesionolistny,Acer negundo,D383657,103,11,2001,2,AAKG9OAAFAAENzXAAm,http://mapa.um.warszawa.pl/mvimages/san13/fig/752_fig_7405038_S12_2_2.png,2,7514604.1063,5781002.2698
AAKG9OAAFAAENzFAAj,20.06.2014,Dzielnica Wawer,klon srebrzysty,Acer saccharinum,D382843,160,13,2001,1,AAKG9OAAFAAENzFAAj,http://mapa.um.warszawa.pl/mvimages/san13/fig/752_fig_7405038_S1C_1_1.png,1,7514509.4664,5781002.9308
AAKG9OAAFAAENzFAAi,20.06.2014,Dzielnica Wawer,klon srebrzysty,Acer saccharinum,D382842,122,10,2001,1,AAKG9OAAFAAENzFAAi,http://mapa.um.warszawa.pl/mvimages/san13/fig/752_fig_7405038_S14_1_1.png,1,7514511.6359,5781005.1531
AAKG9OAAFAAENzXAAn,20.06.2014,Dzielnica Wawer,klon jesionolistny,Acer negundo,D383658,96,9,2001,2,AAKG9OAAFAAENzXAAn,http://mapa.um.warszawa.pl/mvimages/san13/fig/752_fig_7405038_S11_2_2.png,2,7514600.7208,5781008.0186
AAKG9OAAFAAENzXAAo,20.06.2014,Dzielnica Wawer,klon jesionolistny,Acer negundo,D383659,153,11,2001,3,AAKG9OAAFAAENzXAAo,http://mapa.um.warszawa.pl/mvimages/san13/fig/752_fig_7405038_S1G_3_3.png,3,7514596.6264,5781014.2999
AAKG9OAAFAAENzFAAl,20.06.2014,Dzielnica Wawer,klon  sp.,Acer  sp.,D382845,"19, 17",4,2001,1,AAKG9OAAFAAENzFAAl,http://mapa.um.warszawa.pl/mvimages/san13/fig/752_fig_7405038_S1F_1_1.png,1,7514515.2699,5781019.4593
AAKG9OAAFAAENzFAAm,20.06.2014,Dzielnica Wawer,klon  sp.,Acer  sp.,D382846,21,4,2001,1,AAKG9OAAFAAENzFAAm,http://mapa.um.warszawa.pl/mvimages/san13/fig/752_fig_7405038_S1E_1_1.png,1,7514514.7078,5781020.6168
AAKG9OAAFAAENzFAAn,20.06.2014,Dzielnica Wawer,wiąz polny,Ulmus minor,D382847,"70, 31",6,2001,1,AAKG9OAAFAAENzFAAn,http://mapa.um.warszawa.pl/mvimages/san13/fig/752_fig_7405038_S14_1_1.png,1,7514513.2526,5781022.998
AAKG9OAAFAAENz4AAY,20.06.2014,Dzielnica Wawer,robinia  sp.,Robinia  sp.,D382808,"73, 42",5,2001,1,AAKG9OAAFAAENz4AAY,http://mapa.um.warszawa.pl/mvimages/san13/fig/752_fig_7405038_S1E_1_1.png,1,7514400.7092,5781190.7269
AAKG9OAAFAAENz4AAg,20.06.2014,Dzielnica Wawer,czeremcha  sp.,Prunus  sp.(czeremcha),D382816,85,6,2001,1,AAKG9OAAFAAENz4AAg,http://mapa.um.warszawa.pl/mvimages/san13/fig/752_fig_7405038_S1B_1_1.png,1,7514415.9855,5781184.0622
AAKG9OAAFAAENz4AAf,20.06.2014,Dzielnica Wawer,czeremcha  sp.,Prunus  sp.(czeremcha),D382815,102,10,2001,1,AAKG9OAAFAAENz4AAf,http://mapa.um.warszawa.pl/mvimages/san13/fig/752_fig_7405038_S1F_1_1.png,1,7514419.5572,5781185.1734
AAKG9OAAFAAENz4AAh,20.06.2014,Dzielnica Wawer,klon pospolity,Acer platanoides,D382817,173,14,2001,2,AAKG9OAAFAAENz4AAh,http://mapa.um.warszawa.pl/mvimages/san13/fig/752_fig_7405038_S15_2_2.png,2,7514419.5572,5781172.9497
AAKG9OAAFAAENz4AAi,20.06.2014,Dzielnica Wawer,robinia  sp.,Robinia  sp.,D382818,120,8,2001,1,AAKG9OAAFAAENz4AAi,http://mapa.um.warszawa.pl/mvimages/san13/fig/752_fig_7405038_S14_1_1.png,1,7514423.6848,5781166.5203
AAKG9OAAFAAENz4AAe,20.06.2014,Dzielnica Wawer,klon  sp.,Acer  sp.,D382814,145,12,2001,1,AAKG9OAAFAAENz4AAe,http://mapa.um.warszawa.pl/mvimages/san13/fig/752_fig_7405038_S1C_1_1.png,1,7514428.9235,5781186.7608
AAKG9OAAFAAENz4AAd,20.06.2014,Dzielnica Wawer,topola biała,Populus alba,D382813,259,15,2001,2,AAKG9OAAFAAENz4AAd,http://mapa.um.warszawa.pl/mvimages/san13/fig/752_fig_7405038_S15_2_2.png,2,7514434.4004,5781187.9516
AAKG9OAAFAAENz4AAZ,20.06.2014,Dzielnica Wawer,topola biała,Populus alba,D382809,167,14,2001,1,AAKG9OAAFAAENz4AAZ,http://mapa.um.warszawa.pl/mvimages/san13/fig/752_fig_7405038_S1C_1_1.png,1,7514436.0673,5781197.9529
AAKG9OAAFAAENz4AAc,20.06.2014,Dzielnica Wawer,jesion wyniosły,Fraxinus excelsior,D382812,41,6,2001,1,AAKG9OAAFAAENz4AAc,http://mapa.um.warszawa.pl/mvimages/san13/fig/752_fig_7405038_S1F_1_1.png,1,7514436.1466,5781188.7453
AAKG9OAAFAAENz4AAb,20.06.2014,Dzielnica Wawer,topola biała,Populus alba,D382811,92,6,2001,1,AAKG9OAAFAAENz4AAb,http://mapa.um.warszawa.pl/mvimages/san13/fig/752_fig_7405038_S14_1_1.png,1,7514437.4959,5781188.8248
AAKG9OAAFAAENz4AAj,20.06.2014,Dzielnica Wawer,robinia  sp.,Robinia  sp.,D382819,172,11,2001,3,AAKG9OAAFAAENz4AAj,http://mapa.um.warszawa.pl/mvimages/san13/fig/752_fig_7405038_S1G_3_3.png,3,7514439.4804,5781141.1996
AAKG9OAAFAAENz4AAk,20.06.2014,Dzielnica Wawer,robinia  sp.,Robinia  sp.,D382820,"196, 193",11,2001,3,AAKG9OAAFAAENz4AAk,http://mapa.um.warszawa.pl/mvimages/san13/fig/752_fig_7405038_S10_3_3.png,3,7514442.4173,5781135.6434
AAKG9OAAFAAENz4AAl,20.06.2014,Dzielnica Wawer,klon jesionolistny,Acer negundo,D382821,"24, 18",6,2001,1,AAKG9OAAFAAENz4AAl,http://mapa.um.warszawa.pl/mvimages/san13/fig/752_fig_7405038_S1F_1_1.png,1,7514444.5241,5781120.8841
AAKG9OAAFAAENz4AAa,20.06.2014,Dzielnica Wawer,klon jesionolistny,Acer negundo,D382810,217,9,2001,2,AAKG9OAAFAAENz4AAa,http://mapa.um.warszawa.pl/mvimages/san13/fig/752_fig_7405038_S15_2_2.png,2,7514447.4179,5781191.2853
AAKG9OAAFAAENzrAAW,20.06.2014,Dzielnica Wawer,dąb czerwony,Quercus rubra,D382597,20,5,2001,1,AAKG9OAAFAAENzrAAW,http://mapa.um.warszawa.pl/mvimages/san13/fig/752_fig_7405038_S1F_1_1.png,1,7514475.2385,5781227.3492
AAKG9OAAFAAENzrAAZ,20.06.2014,Dzielnica Wawer,śliwa domowa,Prunus domestica,D382600,"55, 53, 29, 31",4,2001,1,AAKG9OAAFAAENzrAAZ,http://mapa.um.warszawa.pl/mvimages/san13/fig/752_fig_7405038_S1C_1_1.png,1,7514475.3972,5781208.3787
AAKG9OAAFAAENzrAAX,20.06.2014,Dzielnica Wawer,klon jesionolistny,Acer negundo,D382598,139,7,2001,1,AAKG9OAAFAAENzrAAX,http://mapa.um.warszawa.pl/mvimages/san13/fig/752_fig_7405038_S1C_1_1.png,1,7514477.461,5781223.7773
AAKG9OAAFAAENzfAAS,20.06.2014,Dzielnica Wawer,sumak octowiec,Rhus typhina,D382570,"10, 10",1,2001,1,AAKG9OAAFAAENzfAAS,http://mapa.um.warszawa.pl/mvimages/san13/fig/752_fig_7405038_S1E_1_1.png,1,7514479.1422,5781197.4007
AAKG9OAAFAAENzrAAY,20.06.2014,Dzielnica Wawer,klon jesionolistny,Acer negundo,D382599,135,8,2001,2,AAKG9OAAFAAENzrAAY,http://mapa.um.warszawa.pl/mvimages/san13/fig/752_fig_7405038_S11_2_2.png,2,7514481.271,5781217.1099
AAKG9OAAFAAENzfAAU,20.06.2014,Dzielnica Wawer,śliwa domowa,Prunus domestica,D382572,77,4,2001,1,AAKG9OAAFAAENzfAAU,http://mapa.um.warszawa.pl/mvimages/san13/fig/752_fig_7405038_S1B_1_1.png,1,7514484.0648,5781197.1641
AAKG9OAAFAAENzfAAT,20.06.2014,Dzielnica Wawer,lipa drobnolistna,Tilia cordata,D382571,28,4,2001,1,AAKG9OAAFAAENzfAAT,http://mapa.um.warszawa.pl/mvimages/san13/fig/752_fig_7405038_S1F_1_1.png,1,7514487.9951,5781209.2547
AAKG9OAAFAAENzfAAV,20.06.2014,Dzielnica Wawer,klon srebrzysty,Acer saccharinum,D382573,105,7,2001,1,AAKG9OAAFAAENzfAAV,http://mapa.um.warszawa.pl/mvimages/san13/fig/752_fig_7405038_S14_1_1.png,1,7514494.345,5781197.7453
AAKG9OAAFAAENzfAAW,20.06.2014,Dzielnica Wawer,klon srebrzysty,Acer saccharinum,D382574,145,8,2001,1,AAKG9OAAFAAENzfAAW,http://mapa.um.warszawa.pl/mvimages/san13/fig/752_fig_7405038_S1C_1_1.png,1,7514498.3594,5781191.1527
AAKG9OAAFAAENzfAAZ,20.06.2014,Dzielnica Wawer,lilak  sp.,Syringa  sp.,D382577,"21, 16, 16, 20",5,2001,1,AAKG9OAAFAAENzfAAZ,http://mapa.um.warszawa.pl/mvimages/san13/fig/752_fig_7405038_S1F_1_1.png,1,7514498.5785,5781175.4541
AAKG9OAAFAAENzfAAX,20.06.2014,Dzielnica Wawer,klon srebrzysty,Acer saccharinum,D382575,79,6,2001,1,AAKG9OAAFAAENzfAAX,http://mapa.um.warszawa.pl/mvimages/san13/fig/752_fig_7405038_S1B_1_1.png,1,7514502.5722,5781184.1947
AAKG9OAAFAAENzfAAY,20.06.2014,Dzielnica Wawer,klon srebrzysty,Acer saccharinum,D382576,148,9,2001,2,AAKG9OAAFAAENzfAAY,http://mapa.um.warszawa.pl/mvimages/san13/fig/752_fig_7405038_S15_2_2.png,2,7514506.4062,5781178.3255
AAKG9OAAFAAENzfAAa,20.06.2014,Dzielnica Wawer,klon srebrzysty,Acer saccharinum,D382578,88,7,2001,1,AAKG9OAAFAAENzfAAa,http://mapa.um.warszawa.pl/mvimages/san13/fig/752_fig_7405038_S1C_1_1.png,1,7514514.4529,5781165.8766
AAKG9OAAFAAENzfAAb,20.06.2014,Dzielnica Wawer,klon srebrzysty,Acer saccharinum,D382579,122,8,2001,1,AAKG9OAAFAAENzfAAb,http://mapa.um.warszawa.pl/mvimages/san13/fig/752_fig_7405038_S1C_1_1.png,1,7514518.2869,5781159.6759
AAKG9OAAFAAENzfAAc,20.06.2014,Dzielnica Wawer,klon srebrzysty,Acer saccharinum,D382580,110,8,2001,1,AAKG9OAAFAAENzfAAc,http://mapa.um.warszawa.pl/mvimages/san13/fig/752_fig_7405038_S14_1_1.png,1,7514523.0201,5781152.3394
AAKG9OAAFAAENzJAAA,20.06.2014,Dzielnica Wawer,klon srebrzysty,Acer saccharinum,D382849,125,10,2001,1,AAKG9OAAFAAENzJAAA,http://mapa.um.warszawa.pl/mvimages/san13/fig/752_fig_7405038_S1C_1_1.png,1,7514527.1034,5781146.1492
AAKG9OAAFAAENzJAAC,20.06.2014,Dzielnica Wawer,klon jesionolistny,Acer negundo,D382851,78,10,2001,1,AAKG9OAAFAAENzJAAC,http://mapa.um.warszawa.pl/mvimages/san13/fig/752_fig_7405038_S14_1_1.png,1,7514528.0692,5781127.2053
AAKG9OAAFAAENzFAAh,20.06.2014,Dzielnica Wawer,topola czarna,Populus nigra,D382840,123,11,2001,2,AAKG9OAAFAAENzFAAh,http://mapa.um.warszawa.pl/mvimages/san13/fig/752_fig_7405038_S11_2_2.png,2,7514542.4864,5781025.8436
AAKG9OAAFAAENzFAAg,20.06.2014,Dzielnica Wawer,klon srebrzysty,Acer saccharinum,D382839,151,11,2001,2,AAKG9OAAFAAENzFAAg,http://mapa.um.warszawa.pl/mvimages/san13/fig/752_fig_7405038_S11_2_2.png,2,7514546.4552,5781029.6008
AAKG9OAAFAAENzFAAo,20.06.2014,Dzielnica Wawer,jarząb szwedzki,Sorbus intermedia,D382848,47,4,2001,1,AAKG9OAAFAAENzFAAo,http://mapa.um.warszawa.pl/mvimages/san13/fig/752_fig_7405038_S1B_1_1.png,1,7514506.7262,5781033.6793
AAKG9OAAFAAENzFAAe,20.06.2014,Dzielnica Wawer,topola czarna,Populus nigra,D382837,121,13,2001,1,AAKG9OAAFAAENzFAAe,http://mapa.um.warszawa.pl/mvimages/san13/fig/752_fig_7405038_S1C_1_1.png,1,7514561.6952,5781040.2371
AAKG9OAAFAAENzFAAd,20.06.2014,Dzielnica Wawer,robinia  sp.,Robinia  sp.,D382836,"105, 106",13,2001,1,AAKG9OAAFAAENzFAAd,http://mapa.um.warszawa.pl/mvimages/san13/fig/752_fig_7405038_S1C_1_1.png,1,7514576.6708,5781040.4487
AAKG9OAAFAAENzFAAf,20.06.2014,Dzielnica Wawer,topola czarna,Populus nigra,D382838,129,13,2001,1,AAKG9OAAFAAENzFAAf,http://mapa.um.warszawa.pl/mvimages/san13/fig/752_fig_7405038_S1C_1_1.png,1,7514571.9611,5781048.0555
AAKG9OAAFAAENzsAAV,20.06.2014,Zarząd Zieleni m.st. Warszawy,grusza  sp.,Pyrus  sp.,D382787,15,3,2001,1,AAKG9OAAFAAENzsAAV,http://mapa.um.warszawa.pl/mvimages/san13/fig/752_fig_7405038_S1E_1_1.png,1,7514412.115,5781052.1771
AAKG9OAAFAAENzsAAG,20.06.2014,Dzielnica Wawer,robinia  sp.,Robinia  sp.,D382772,119,10,2001,1,AAKG9OAAFAAENzsAAG,http://mapa.um.warszawa.pl/mvimages/san13/fig/752_fig_7405038_S1C_1_1.png,1,7514590.3413,5781061.1253
AAKG9OAAFAAENz4AAn,20.06.2014,Dzielnica Wawer,robinia  sp.,Robinia  sp.,D382823,15,3,2001,1,AAKG9OAAFAAENz4AAn,http://mapa.um.warszawa.pl/mvimages/san13/fig/752_fig_7405038_S1F_1_1.png,1,7514479.3136,5781061.2688
AAKG9OAAFAAENzsAAU,20.06.2014,Zarząd Zieleni m.st. Warszawy,klon  sp.,Acer  sp.,D382786,23,4,2001,1,AAKG9OAAFAAENzsAAU,http://mapa.um.warszawa.pl/mvimages/san13/fig/752_fig_7405038_S1E_1_1.png,1,7514405.4738,5781061.5964
AAKG9OAAFAAENzsAAT,20.06.2014,Zarząd Zieleni m.st. Warszawy,klon jesionolistny,Acer negundo,D382785,"32, 42",7,2001,1,AAKG9OAAFAAENzsAAT,http://mapa.um.warszawa.pl/mvimages/san13/fig/752_fig_7405038_S1C_1_1.png,1,7514391.3716,5781061.5964
AAKG9OAAFAAENzFAAc,20.06.2014,Dzielnica Wawer,klon pospolity,Acer platanoides,D382835,23,3,2001,1,AAKG9OAAFAAENzFAAc,http://mapa.um.warszawa.pl/mvimages/san13/fig/752_fig_7405038_S1E_1_1.png,1,7514578.2582,5781062.4621
AAKG9OAAFAAENz4AAo,20.06.2014,Dzielnica Wawer,jarząb szwedzki,Sorbus intermedia,D382824,"53, 46",5,2001,1,AAKG9OAAFAAENz4AAo,http://mapa.um.warszawa.pl/mvimages/san13/fig/752_fig_7405038_S1F_1_1.png,1,7514487.886,5781063.2531
AAKG9OAAFAAENzsAAH,20.06.2014,Dzielnica Wawer,robinia  sp.,Robinia  sp.,D382773,108,12,2001,2,AAKG9OAAFAAENzsAAH,http://mapa.um.warszawa.pl/mvimages/san13/fig/752_fig_7405038_S11_2_2.png,2,7514598.3317,5781066.5758
AAKG9OAAFAAENz8AAA,20.06.2014,Dzielnica Wawer,jarząb szwedzki,Sorbus intermedia,D382825,"69, 39",5,2001,1,AAKG9OAAFAAENz8AAA,http://mapa.um.warszawa.pl/mvimages/san13/fig/752_fig_7405038_S1B_1_1.png,1,7514484.5523,5781068.8888
AAKG9OAAFAAENzFAAb,20.06.2014,Dzielnica Wawer,klon srebrzysty,Acer saccharinum,D382834,129,10,2001,2,AAKG9OAAFAAENzFAAb,http://mapa.um.warszawa.pl/mvimages/san13/fig/752_fig_7405038_S12_2_2.png,2,7514570.9822,5781074.0509
AAKG9OAAFAAENzFAAa,20.06.2014,Dzielnica Wawer,klon srebrzysty,Acer saccharinum,D382833,96,10,2001,2,AAKG9OAAFAAENzFAAa,http://mapa.um.warszawa.pl/mvimages/san13/fig/752_fig_7405038_S11_2_2.png,2,7514567.4897,5781079.369
AAKG9OAAFAAENzsAAI,20.06.2014,Dzielnica Wawer,klon srebrzysty,Acer saccharinum,D382774,133,13,2001,2,AAKG9OAAFAAENzsAAI,http://mapa.um.warszawa.pl/mvimages/san13/fig/752_fig_7405038_S11_2_2.png,2,7514620.5039,5781082.1862
AAKG9OAAFAAENzFAAZ,20.06.2014,Dzielnica Wawer,brzoza brodawkowata,Betula pendula,D382832,120,14,2001,2,AAKG9OAAFAAENzFAAZ,http://mapa.um.warszawa.pl/mvimages/san13/fig/752_fig_7405038_S11_2_2.png,2,7514567.0134,5781083.0203
AAKG9OAAFAAENz4AAm,20.06.2014,Dzielnica Wawer,topola biała,Populus alba,D382822,92,13,2001,2,AAKG9OAAFAAENz4AAm,http://mapa.um.warszawa.pl/mvimages/san13/fig/752_fig_7405038_S15_2_2.png,2,7514465.8992,5781083.8115
AAKG9OAAFAAENzJAAL,20.06.2014,Dzielnica Wawer,klon srebrzysty,Acer saccharinum,D382860,66,9,2001,1,AAKG9OAAFAAENzJAAL,http://mapa.um.warszawa.pl/mvimages/san13/fig/752_fig_7405038_S14_1_1.png,1,7514564.7778,5781085.5508
AAKG9OAAFAAENz8AAB,20.06.2014,Dzielnica Wawer,klon  sp.,Acer  sp.,D382828,"59, 58",8,2001,1,AAKG9OAAFAAENz8AAB,http://mapa.um.warszawa.pl/mvimages/san13/fig/752_fig_7405038_S1B_1_1.png,1,7514470.8204,5781090.5582
AAKG9OAAFAAENzJAAK,20.06.2014,Dzielnica Wawer,klon srebrzysty,Acer saccharinum,D382859,121,10,2001,2,AAKG9OAAFAAENzJAAK,http://mapa.um.warszawa.pl/mvimages/san13/fig/752_fig_7405038_S11_2_2.png,2,7514557.9587,5781094.6913
AAKG9OAAFAAENzFAAW,20.06.2014,Dzielnica Wawer,jarząb szwedzki,Sorbus intermedia,D382829,87,7,2001,1,AAKG9OAAFAAENzFAAW,http://mapa.um.warszawa.pl/mvimages/san13/fig/752_fig_7405038_S1B_1_1.png,1,7514466.8516,5781097.2257
AAKG9OAAFAAENzJAAJ,20.06.2014,Dzielnica Wawer,klon srebrzysty,Acer saccharinum,D382858,103,10,2001,2,AAKG9OAAFAAENzJAAJ,http://mapa.um.warszawa.pl/mvimages/san13/fig/752_fig_7405038_S11_2_2.png,2,7514555.3954,5781098.3669
AAKG9OAAFAAENzFAAX,20.06.2014,Dzielnica Wawer,jarząb szwedzki,Sorbus intermedia,D382830,93,7,2001,1,AAKG9OAAFAAENzFAAX,http://mapa.um.warszawa.pl/mvimages/san13/fig/752_fig_7405038_S14_1_1.png,1,7514464.0736,5781101.2738
AAKG9OAAFAAENzsAAL,20.06.2014,Dzielnica Wawer,klon srebrzysty,Acer saccharinum,D382777,14,13,2001,2,AAKG9OAAFAAENzsAAL,http://mapa.um.warszawa.pl/mvimages/san13/fig/752_fig_7405038_S15_2_2.png,2,7514650.7723,5781103.9878
AAKG9OAAFAAENzJAAI,20.06.2014,Dzielnica Wawer,klon srebrzysty,Acer saccharinum,D382857,145,10,2001,2,AAKG9OAAFAAENzJAAI,http://mapa.um.warszawa.pl/mvimages/san13/fig/752_fig_7405038_S11_2_2.png,2,7514552.3485,5781104.4606
AAKG9OAAFAAENzFAAY,20.06.2014,Dzielnica Wawer,jarząb szwedzki,Sorbus intermedia,D382831,8,6,2001,1,AAKG9OAAFAAENzFAAY,http://mapa.um.warszawa.pl/mvimages/san13/fig/752_fig_7405038_S1B_1_1.png,1,7514460.6603,5781106.5127
AAKG9OAAFAAENzZAAE,20.06.2014,Dzielnica Wawer,klon srebrzysty,Acer saccharinum,D382873,132,12,2001,2,AAKG9OAAFAAENzZAAE,http://mapa.um.warszawa.pl/mvimages/san13/fig/752_fig_7405038_S15_2_2.png,2,7514655.6915,5781107.5029
AAKG9OAAFAAENzZAAD,20.06.2014,Dzielnica Wawer,klon srebrzysty,Acer saccharinum,D382872,66,8,2001,1,AAKG9OAAFAAENzZAAD,http://mapa.um.warszawa.pl/mvimages/san13/fig/752_fig_7405038_S14_1_1.png,1,7514661.1733,5781111.2495
AAKG9OAAFAAENzvAAD,20.06.2014,Dzielnica Wawer,lipa drobnolistna,Tilia cordata,D382618,"18, 19",5,2001,1,AAKG9OAAFAAENzvAAD,http://mapa.um.warszawa.pl/mvimages/san13/fig/752_fig_7405038_S14_1_1.png,1,7514398.9015,5781405.5387
AAKG9OAAFAAENzrAAn,20.06.2014,Dzielnica Wawer,lipa drobnolistna,Tilia cordata,D382614,122,12,2001,1,AAKG9OAAFAAENzrAAn,http://mapa.um.warszawa.pl/mvimages/san13/fig/752_fig_7405038_S14_1_1.png,1,7514369.2681,5781407.6555
AAKG9OAAFAAENzvAAA,20.06.2014,Dzielnica Wawer,lipa drobnolistna,Tilia cordata,D382615,124,14,2001,2,AAKG9OAAFAAENzvAAA,http://mapa.um.warszawa.pl/mvimages/san13/fig/752_fig_7405038_S15_2_2.png,2,7514377.629,5781408.3964
AAKG9OAAFAAENz7AAH,20.06.2014,Dzielnica Wawer,lipa drobnolistna,Tilia cordata,D382643,57,11,2001,1,AAKG9OAAFAAENz7AAH,http://mapa.um.warszawa.pl/mvimages/san13/fig/752_fig_7405038_S14_1_1.png,1,7514424.4206,5781410.1779
AAKG9OAAFAAENz7AAG,20.06.2014,Dzielnica Wawer,lipa drobnolistna,Tilia cordata,D382642,"68, 51, 52",11,2001,1,AAKG9OAAFAAENz7AAG,http://mapa.um.warszawa.pl/mvimages/san13/fig/752_fig_7405038_S1C_1_1.png,1,7514425.479,5781411.0245
AAKG9OAAFAAENzvAAB,20.06.2014,Dzielnica Wawer,lipa drobnolistna,Tilia cordata,D382616,103,10,2001,1,AAKG9OAAFAAENzvAAB,http://mapa.um.warszawa.pl/mvimages/san13/fig/752_fig_7405038_S1C_1_1.png,1,7514391.7048,5781412.3122
AAKG9OAAFAAENzvAAC,20.06.2014,Dzielnica Wawer,lipa drobnolistna,Tilia cordata,D382617,110,13,2001,2,AAKG9OAAFAAENzvAAC,http://mapa.um.warszawa.pl/mvimages/san13/fig/752_fig_7405038_S12_2_2.png,2,7514399.3248,5781414.4288
AAKG9OAAFAAENz7AAF,20.06.2014,Dzielnica Wawer,klon srebrzysty,Acer saccharinum,D382641,84,13,2001,2,AAKG9OAAFAAENz7AAF,http://mapa.um.warszawa.pl/mvimages/san13/fig/752_fig_7405038_S12_2_2.png,2,7514440.5073,5781414.7287
AAKG9OAAFAAENz7AAE,20.06.2014,Dzielnica Wawer,klon srebrzysty,Acer saccharinum,D382640,120,12,2001,2,AAKG9OAAFAAENz7AAE,http://mapa.um.warszawa.pl/mvimages/san13/fig/752_fig_7405038_S15_2_2.png,2,7514450.7731,5781416.1045
AAKG9OAAFAAENzvAAE,20.06.2014,Dzielnica Wawer,lipa drobnolistna,Tilia cordata,D382619,136,12,2001,1,AAKG9OAAFAAENzvAAE,http://mapa.um.warszawa.pl/mvimages/san13/fig/752_fig_7405038_S1C_1_1.png,1,7514409.1806,5781416.3162
AAKG9OAAFAAENz7AAD,20.06.2014,Dzielnica Wawer,lipa drobnolistna,Tilia cordata,D382639,152,14,2001,2,AAKG9OAAFAAENz7AAD,http://mapa.um.warszawa.pl/mvimages/san13/fig/752_fig_7405038_S11_2_2.png,2,7514460.5099,5781418.1154
AAKG9OAAFAAENzvAAF,20.06.2014,Dzielnica Wawer,lipa drobnolistna,Tilia cordata,D382620,131,1,2001,1,AAKG9OAAFAAENzvAAF,http://mapa.um.warszawa.pl/mvimages/san13/fig/752_fig_7405038_S1C_1_1.png,1,7514421.9864,5781418.8562
AAKG9OAAFAAENz7AAC,20.06.2014,Dzielnica Wawer,lipa drobnolistna,Tilia cordata,D382638,"72, 43, 34, 34, 27",7,2001,2,AAKG9OAAFAAENz7AAC,http://mapa.um.warszawa.pl/mvimages/san13/fig/752_fig_7405038_S11_2_2.png,2,7514466.5424,5781419.8087
AAKG9OAAFAAENz7AAB,20.06.2014,Dzielnica Wawer,lipa drobnolistna,Tilia cordata,D382637,108,9,2001,2,AAKG9OAAFAAENz7AAB,http://mapa.um.warszawa.pl/mvimages/san13/fig/752_fig_7405038_S11_2_2.png,2,7514473.7392,5781420.6554
AAKG9OAAFAAENzvAAG,20.06.2014,Dzielnica Wawer,lipa drobnolistna,Tilia cordata,D382621,116,15,2001,2,AAKG9OAAFAAENzvAAG,http://mapa.um.warszawa.pl/mvimages/san13/fig/752_fig_7405038_S11_2_2.png,2,7514431.4056,5781420.9729
AAKG9OAAFAAENz7AAA,20.06.2014,Dzielnica Wawer,lipa drobnolistna,Tilia cordata,D382636,78,8,2001,2,AAKG9OAAFAAENz7AAA,http://mapa.um.warszawa.pl/mvimages/san13/fig/752_fig_7405038_S15_2_2.png,2,7514481.0415,5781422.772
AAKG9OAAFAAENzvAAH,20.06.2014,Dzielnica Wawer,lipa drobnolistna,Tilia cordata,D382622,114,10,2001,1,AAKG9OAAFAAENzvAAH,http://mapa.um.warszawa.pl/mvimages/san13/fig/752_fig_7405038_S1C_1_1.png,1,7514448.1273,5781423.9362
AAKG9OAAFAAENz3AAo,20.06.2014,Dzielnica Wawer,brzoza brodawkowata,Betula pendula,D382634,181,17,2001,3,AAKG9OAAFAAENz3AAo,http://mapa.um.warszawa.pl/mvimages/san13/fig/752_fig_7405038_S1G_3_3.png,3,7514497.3399,5781424.1478
AAKG9OAAFAAENz3AAp,20.06.2014,Dzielnica Wawer,lipa drobnolistna,Tilia cordata,D382635,72,8,2001,2,AAKG9OAAFAAENz3AAp,http://mapa.um.warszawa.pl/mvimages/san13/fig/752_fig_7405038_S11_2_2.png,2,7514488.9792,5781424.3594
AAKG9OAAFAAENzvAAI,20.06.2014,Dzielnica Wawer,klon srebrzysty,Acer saccharinum,D382623,105,12,2001,2,AAKG9OAAFAAENzvAAI,http://mapa.um.warszawa.pl/mvimages/san13/fig/752_fig_7405038_S11_2_2.png,2,7514455.7473,5781425.5236
AAKG9OAAFAAENzvAAJ,20.06.2014,Dzielnica Wawer,klon srebrzysty,Acer saccharinum,D382624,149,12,2001,2,AAKG9OAAFAAENzvAAJ,http://mapa.um.warszawa.pl/mvimages/san13/fig/752_fig_7405038_S15_2_2.png,2,7514460.9331,5781426.6878
AAKG9OAAFAAENzvAAK,20.06.2014,Dzielnica Wawer,lipa drobnolistna,Tilia cordata,D382625,123,11,2001,2,AAKG9OAAFAAENzvAAK,http://mapa.um.warszawa.pl/mvimages/san13/fig/752_fig_7405038_S15_2_2.png,2,7514471.4108,5781428.5929
AAKG9OAAFAAENzrAAk,20.06.2014,Dzielnica Wawer,klon srebrzysty,Acer saccharinum,D382611,159,13,2001,3,AAKG9OAAFAAENzrAAk,http://mapa.um.warszawa.pl/mvimages/san13/fig/752_fig_7405038_S1G_3_3.png,3,7514352.938,5781428.6297
AAKG9OAAFAAENzvAAL,20.06.2014,Dzielnica Wawer,lipa drobnolistna,Tilia cordata,D382626,77,10,2001,2,AAKG9OAAFAAENzvAAL,http://mapa.um.warszawa.pl/mvimages/san13/fig/752_fig_7405038_S11_2_2.png,2,7514479.7716,5781430.2862
AAKG9OAAFAAENz3AAh,20.06.2014,Dzielnica Wawer,klon srebrzysty,Acer saccharinum,D382627,102,12,2001,2,AAKG9OAAFAAENz3AAh,http://mapa.um.warszawa.pl/mvimages/san13/fig/752_fig_7405038_S11_2_2.png,2,7514488.2382,5781432.0855
AAKG9OAAFAAENz3AAi,20.06.2014,Dzielnica Wawer,klon srebrzysty,Acer saccharinum,D382628,105,15,2001,2,AAKG9OAAFAAENz3AAi,http://mapa.um.warszawa.pl/mvimages/san13/fig/752_fig_7405038_S11_2_2.png,2,7514493.4241,5781433.3554
AAKG9OAAFAAENz3AAj,20.06.2014,Dzielnica Wawer,klon srebrzysty,Acer saccharinum,D382629,132,16,2001,2,AAKG9OAAFAAENz3AAj,http://mapa.um.warszawa.pl/mvimages/san13/fig/752_fig_7405038_S12_2_2.png,2,7514498.6099,5781434.8371
AAKG9OAAFAAENzrAAl,20.06.2014,Dzielnica Wawer,klon srebrzysty,Acer saccharinum,D382612,"32, 24, 22",9,2001,1,AAKG9OAAFAAENzrAAl,http://mapa.um.warszawa.pl/mvimages/san13/fig/752_fig_7405038_S14_1_1.png,1,7514348.0288,5781436.6571
AAKG9OAAFAAENzrAAm,20.06.2014,Dzielnica Wawer,klon jesionolistny,Acer negundo,D382613,140,10,2001,2,AAKG9OAAFAAENzrAAm,http://mapa.um.warszawa.pl/mvimages/san13/fig/752_fig_7405038_S12_2_2.png,2,7514342.058,5781444.5516
AAKG9OAAFAAENzcAAg,20.06.2014,Dzielnica Wawer,klon jesionolistny,Acer negundo,D382736,131,10,2001,2,AAKG9OAAFAAENzcAAg,http://mapa.um.warszawa.pl/mvimages/san13/fig/752_fig_7405038_S12_2_2.png,2,7514338.2176,5781452.9122
AAKG9OAAFAAENzcAAh,20.06.2014,Dzielnica Wawer,klon jesionolistny,Acer negundo,D382737,142,10,2001,2,AAKG9OAAFAAENzcAAh,http://mapa.um.warszawa.pl/mvimages/san13/fig/752_fig_7405038_S12_2_2.png,2,7514334.4076,5781459.1564
AAKG9OAAnAAHxCvAAW,20.06.2014,Zarząd Zieleni m.st. Warszawy,lipa drobnolistna,Tilia cordata,D377205,78,12,2001,1,AAKG9OAAnAAHxCvAAW,http://mapa.um.warszawa.pl/mvimages/san13/fig/752_fig_7405038_S14_1_1.png,1,7514298.2622,5781229.1736
AAKG9OAAnAAHxCvAAX,20.06.2014,Zarząd Zieleni m.st. Warszawy,lipa drobnolistna,Tilia cordata,D377206,34,4,2001,1,AAKG9OAAnAAHxCvAAX,http://mapa.um.warszawa.pl/mvimages/san13/fig/752_fig_7405038_S1F_1_1.png,1,7514300.2203,5781225.3105
AAKG9OAAnAAHxCvAAY,20.06.2014,Zarząd Zieleni m.st. Warszawy,lipa drobnolistna,Tilia cordata,D377207,"120, 42",13,2001,1,AAKG9OAAnAAHxCvAAY,http://mapa.um.warszawa.pl/mvimages/san13/fig/752_fig_7405038_S1C_1_1.png,1,7514301.0669,5781224.1993
AAKG9OAAnAAHxCvAAZ,20.06.2014,Zarząd Zieleni m.st. Warszawy,lipa drobnolistna,Tilia cordata,D377208,"82, 26",7,2001,1,AAKG9OAAnAAHxCvAAZ,http://mapa.um.warszawa.pl/mvimages/san13/fig/752_fig_7405038_S1B_1_1.png,1,7514303.2365,5781221.2359
AAKG9OAAnAAHxCvAAa,20.06.2014,Zarząd Zieleni m.st. Warszawy,lipa drobnolistna,Tilia cordata,D377209,"130, 78, 28",13,2001,1,AAKG9OAAnAAHxCvAAa,http://mapa.um.warszawa.pl/mvimages/san13/fig/752_fig_7405038_S1C_1_1.png,1,7514306.7185,5781215.4151
AAKG9OAAnAAHxCvAAb,20.06.2014,Zarząd Zieleni m.st. Warszawy,lipa drobnolistna,Tilia cordata,D377210,74,12,2001,1,AAKG9OAAnAAHxCvAAb,http://mapa.um.warszawa.pl/mvimages/san13/fig/752_fig_7405038_S1B_1_1.png,1,7514307.7768,5781213.669
AAKG9OAAnAAHxCvAAc,20.06.2014,Zarząd Zieleni m.st. Warszawy,lipa drobnolistna,Tilia cordata,D377211,"76, 24",9,2001,1,AAKG9OAAnAAHxCvAAc,http://mapa.um.warszawa.pl/mvimages/san13/fig/752_fig_7405038_S1B_1_1.png,1,7514308.9408,5781212.5576
AAKG9OAAnAAHxCvAAd,20.06.2014,Zarząd Zieleni m.st. Warszawy,robinia  sp.,Robinia  sp.,D377212,167,14,2001,1,AAKG9OAAnAAHxCvAAd,http://mapa.um.warszawa.pl/mvimages/san13/fig/752_fig_7405038_S1C_1_1.png,1,7514309.8406,5781211.129
AAKG9OAAnAAHxCvAAe,20.06.2014,Zarząd Zieleni m.st. Warszawy,robinia  sp.,Robinia  sp.,D377213,56,6,2001,1,AAKG9OAAnAAHxCvAAe,http://mapa.um.warszawa.pl/mvimages/san13/fig/752_fig_7405038_S1B_1_1.png,1,7514310.3697,5781210.2292
AAKG9OAAnAAHxCvAAf,20.06.2014,Zarząd Zieleni m.st. Warszawy,klon jesionolistny,Acer negundo,D377214,15,3,2001,1,AAKG9OAAnAAHxCvAAf,http://mapa.um.warszawa.pl/mvimages/san13/fig/752_fig_7405038_S1F_1_1.png,1,7514311.9043,5781209.2238
AAKG9OAAFAAENz4AAV,20.06.2014,Zarząd Zieleni m.st. Warszawy,lipa  sp.,Tilia  sp.,D382805,74,8,2001,1,AAKG9OAAFAAENz4AAV,http://mapa.um.warszawa.pl/mvimages/san13/fig/752_fig_7405038_S1E_1_1.png,1,7514312.0683,5781205.8041
AAKG9OAAnAAHxCvAAg,20.06.2014,Zarząd Zieleni m.st. Warszawy,lipa drobnolistna,Tilia cordata,D377215,"86, 29, 17",8,2001,1,AAKG9OAAnAAHxCvAAg,http://mapa.um.warszawa.pl/mvimages/san13/fig/752_fig_7405038_S14_1_1.png,1,7514313.333,5781206.6309
AAKG9OAAFAAENz4AAU,20.06.2014,Zarząd Zieleni m.st. Warszawy,lipa  sp.,Tilia  sp.,D382804,13,3,2001,1,AAKG9OAAFAAENz4AAU,http://mapa.um.warszawa.pl/mvimages/san13/fig/752_fig_7405038_S1E_1_1.png,1,7514314.079,5781203.2178
AAKG9OAAFAAENz4AAT,20.06.2014,Zarząd Zieleni m.st. Warszawy,lipa  sp.,Tilia  sp.,D382803,25,7,2001,1,AAKG9OAAFAAENz4AAT,http://mapa.um.warszawa.pl/mvimages/san13/fig/752_fig_7405038_S1E_1_1.png,1,7514314.509,5781202.5564
AAKG9OAAFAAENz4AAS,20.06.2014,Zarząd Zieleni m.st. Warszawy,lipa  sp.,Tilia  sp.,D382802,"31, 27",7,2001,1,AAKG9OAAFAAENz4AAS,http://mapa.um.warszawa.pl/mvimages/san13/fig/752_fig_7405038_S14_1_1.png,1,7514317.0557,5781198.4751
AAKG9OAAFAAENz4AAR,20.06.2014,Zarząd Zieleni m.st. Warszawy,lipa  sp.,Tilia  sp.,D382801,"75, 111",11,2001,1,AAKG9OAAFAAENz4AAR,http://mapa.um.warszawa.pl/mvimages/san13/fig/752_fig_7405038_S1C_1_1.png,1,7514318.2462,5781196.7685
AAKG9OAAFAAENz4AAQ,20.06.2014,Zarząd Zieleni m.st. Warszawy,robinia  sp.,Robinia  sp.,D382800,126,13,2001,1,AAKG9OAAFAAENz4AAQ,http://mapa.um.warszawa.pl/mvimages/san13/fig/752_fig_7405038_S14_1_1.png,1,7514319.0797,5781194.6255
AAKG9OAAFAAENz4AAP,20.06.2014,Zarząd Zieleni m.st. Warszawy,lipa  sp.,Tilia  sp.,D382799,83,8,2001,1,AAKG9OAAFAAENz4AAP,http://mapa.um.warszawa.pl/mvimages/san13/fig/752_fig_7405038_S1B_1_1.png,1,7514320.4291,5781192.4822
AAKG9OAAFAAENz4AAO,20.06.2014,Zarząd Zieleni m.st. Warszawy,lipa  sp.,Tilia  sp.,D382798,"138, 98",12,2001,1,AAKG9OAAFAAENz4AAO,http://mapa.um.warszawa.pl/mvimages/san13/fig/752_fig_7405038_S1C_1_1.png,1,7514321.342,5781191.4108
AAKG9OAAFAAENz4AAN,20.06.2014,Zarząd Zieleni m.st. Warszawy,sosna pospolita,Pinus sylvestris,D382797,114,10,2001,1,AAKG9OAAFAAENz4AAN,http://mapa.um.warszawa.pl/mvimages/san13/fig/752_fig_7405038_S1F_1_1.png,1,7514323.0087,5781189.9952
AAKG9OAAFAAENz4AAM,20.06.2014,Zarząd Zieleni m.st. Warszawy,robinia  sp.,Robinia  sp.,D382796,118,10,2001,1,AAKG9OAAFAAENz4AAM,http://mapa.um.warszawa.pl/mvimages/san13/fig/752_fig_7405038_S1B_1_1.png,1,7514324.0274,5781189.1883
AAKG9OAAFAAENzsAAd,20.06.2014,Zarząd Zieleni m.st. Warszawy,lipa  sp.,Tilia  sp.,D382795,63,9,2001,1,AAKG9OAAFAAENzsAAd,http://mapa.um.warszawa.pl/mvimages/san13/fig/752_fig_7405038_S1B_1_1.png,1,7514324.722,5781187.3692
AAKG9OAAFAAENzsAAc,20.06.2014,Zarząd Zieleni m.st. Warszawy,lipa  sp.,Tilia  sp.,D382794,25,4,2001,1,AAKG9OAAFAAENzsAAc,http://mapa.um.warszawa.pl/mvimages/san13/fig/752_fig_7405038_S1F_1_1.png,1,7514325.8862,5781183.9032
AAKG9OAAFAAENzsAAa,20.06.2014,Zarząd Zieleni m.st. Warszawy,grusza pospolita,Pyrus pyraster,D382792,32,6,2001,1,AAKG9OAAFAAENzsAAa,http://mapa.um.warszawa.pl/mvimages/san13/fig/752_fig_7405038_S1F_1_1.png,1,7514327.0106,5781181.8196
AAKG9OAAFAAENzsAAZ,20.06.2014,Zarząd Zieleni m.st. Warszawy,lipa  sp.,Tilia  sp.,D382791,"76, 43, 37",8,2001,1,AAKG9OAAFAAENzsAAZ,http://mapa.um.warszawa.pl/mvimages/san13/fig/752_fig_7405038_S14_1_1.png,1,7514328.3996,5781180.1659
AAKG9OAAFAAENzsAAb,20.06.2014,Zarząd Zieleni m.st. Warszawy,klon jesionolistny,Acer negundo,D382793,38,5,2001,1,AAKG9OAAFAAENzsAAb,http://mapa.um.warszawa.pl/mvimages/san13/fig/752_fig_7405038_S1F_1_1.png,1,7514328.6312,5781183.2085
AAKG9OAAFAAENzsAAX,20.06.2014,Zarząd Zieleni m.st. Warszawy,lipa drobnolistna,Tilia cordata,D382789,30,4,2001,1,AAKG9OAAFAAENzsAAX,http://mapa.um.warszawa.pl/mvimages/san13/fig/752_fig_7405038_S1F_1_1.png,1,7514329.458,5781177.7185
AAKG9OAAFAAENzsAAY,20.06.2014,Zarząd Zieleni m.st. Warszawy,klon jesionolistny,Acer negundo,D382790,66,5,2001,1,AAKG9OAAFAAENzsAAY,http://mapa.um.warszawa.pl/mvimages/san13/fig/752_fig_7405038_S1B_1_1.png,1,7514330.6155,5781177.6193
AAKG9OAAFAAENzsAAW,20.06.2014,Zarząd Zieleni m.st. Warszawy,klon jesionolistny,Acer negundo,D382788,57,4,2001,1,AAKG9OAAFAAENzsAAW,http://mapa.um.warszawa.pl/mvimages/san13/fig/752_fig_7405038_S1F_1_1.png,1,7514330.6817,5781176.5278
AAKG9OAAFAAENz4AAW,20.06.2014,Zarząd Zieleni m.st. Warszawy,wiąz szypułkowy,Ulmus laevis ,D382806,24,4,2001,1,AAKG9OAAFAAENz4AAW,http://mapa.um.warszawa.pl/mvimages/san13/fig/752_fig_7405038_S1F_1_1.png,1,7514353.248,5781117.3801
AAKG9OAAFAAENz4AAX,20.06.2014,Dzielnica Wawer,klon jesionolistny,Acer negundo,D382807,64,8,2001,1,AAKG9OAAFAAENz4AAX,http://mapa.um.warszawa.pl/mvimages/san13/fig/752_fig_7405038_S1F_1_1.png,1,7514398.6343,5781189.7783
AAKG9OAAFAAENzcAAi,20.06.2014,Dzielnica Wawer,klon jesionolistny,Acer negundo,D382738,136,10,2001,2,AAKG9OAAFAAENzcAAi,http://mapa.um.warszawa.pl/mvimages/san13/fig/752_fig_7405038_S12_2_2.png,2,7514330.4917,5781464.2364
AAKG9OAAFAAENzcAAj,20.06.2014,Dzielnica Wawer,robinia  sp.,Robinia  sp.,D382739,47,10,2001,1,AAKG9OAAFAAENzcAAj,http://mapa.um.warszawa.pl/mvimages/san13/fig/752_fig_7405038_S1C_1_1.png,1,7514328.5867,5781466.1413
AAKG9OAAFAAENzcAAk,20.06.2014,Dzielnica Wawer,klon jesionolistny,Acer negundo,D382740,74,7,2001,1,AAKG9OAAFAAENzcAAk,http://mapa.um.warszawa.pl/mvimages/san13/fig/752_fig_7405038_S1C_1_1.png,1,7514326.0467,5781471.6446
AAKG9OAAFAAENzcAAf,20.06.2014,Dzielnica Wawer,sumak octowiec,Rhus typhina,D382735,28,6,2001,1,AAKG9OAAFAAENzcAAf,http://mapa.um.warszawa.pl/mvimages/san13/fig/752_fig_7405038_S1B_1_1.png,1,7514312.9234,5781475.4545
AAKG9OAAFAAENzcAAe,20.06.2014,Dzielnica Wawer,sumak octowiec,Rhus typhina,D382734,"29, 23",6,2001,1,AAKG9OAAFAAENzcAAe,http://mapa.um.warszawa.pl/mvimages/san13/fig/752_fig_7405038_S1B_1_1.png,1,7514312.2883,5781477.0421
AAKG9OAAFAAENzcAAl,20.06.2014,Dzielnica Wawer,klon jesionolistny,Acer negundo,D382741,133,10,2001,2,AAKG9OAAFAAENzcAAl,http://mapa.um.warszawa.pl/mvimages/san13/fig/752_fig_7405038_S15_2_2.png,2,7514321.9192,5781477.4655
AAKG9OAAFAAENzcAAd,20.06.2014,Dzielnica Wawer,robinia  sp.,Robinia  sp.,D382733,80,12,2001,2,AAKG9OAAFAAENzcAAd,http://mapa.um.warszawa.pl/mvimages/san13/fig/752_fig_7405038_S11_2_2.png,2,7514310.2775,5781479.8996
AAKG9OAAFAAENzcAAm,20.06.2014,Dzielnica Wawer,klon srebrzysty,Acer saccharinum,D382742,204,18,2001,3,AAKG9OAAFAAENzcAAm,http://mapa.um.warszawa.pl/mvimages/san13/fig/752_fig_7405038_S16_3_3.png,3,7514314.0876,5781490.5888
AAKG9OAAFAAENzcAAn,20.06.2014,Dzielnica Wawer,klon srebrzysty,Acer saccharinum,D382743,227,18,2001,3,AAKG9OAAFAAENzcAAn,http://mapa.um.warszawa.pl/mvimages/san13/fig/752_fig_7405038_S1A_3_3.png,3,7514309.2192,5781496.9387
AAKG9OAAFAAENzcAAZ,20.06.2014,Dzielnica Wawer,klon jawor,Acer pseudoplatanus,D382729,98,11,2001,2,AAKG9OAAFAAENzcAAZ,http://mapa.um.warszawa.pl/mvimages/san13/fig/752_fig_7405038_S11_2_2.png,2,7514319.5909,5781503.9239
AAKG9OAAFAAENzUAAF,20.06.2014,Dzielnica Wawer,klon polny,Acer campestre,D382728,114,11,2001,1,AAKG9OAAFAAENzUAAF,http://mapa.um.warszawa.pl/mvimages/san13/fig/752_fig_7405038_S1C_1_1.png,1,7514351.3408,5781510.0622
AAKG9OAAFAAENzQAAd,20.06.2014,Dzielnica Wawer,klon jawor,Acer pseudoplatanus,D382710,172,18,2001,2,AAKG9OAAFAAENzQAAd,http://mapa.um.warszawa.pl/mvimages/san13/fig/752_fig_7405038_S12_2_2.png,2,7514365.695,5781512.5358
AAKG9OAAFAAENzQAAe,20.06.2014,Dzielnica Wawer,klon srebrzysty,Acer saccharinum,D382711,193,21,2001,3,AAKG9OAAFAAENzQAAe,http://mapa.um.warszawa.pl/mvimages/san13/fig/752_fig_7405038_S10_3_3.png,3,7514374.6909,5781513.7529
AAKG9OAAFAAENzQAAf,20.06.2014,Dzielnica Wawer,klon jawor,Acer pseudoplatanus,D382712,144,19,2001,2,AAKG9OAAFAAENzQAAf,http://mapa.um.warszawa.pl/mvimages/san13/fig/752_fig_7405038_S12_2_2.png,2,7514382.4166,5781515.605
AAKG9OAAFAAENzQAAg,20.06.2014,Dzielnica Wawer,klon jawor,Acer pseudoplatanus,D382713,96,14,2001,2,AAKG9OAAFAAENzQAAg,http://mapa.um.warszawa.pl/mvimages/san13/fig/752_fig_7405038_S15_2_2.png,2,7514391.2008,5781517.0337
AAKG9OAAFAAENzQAAh,20.06.2014,Dzielnica Wawer,klon srebrzysty,Acer saccharinum,D382714,175,18,2001,3,AAKG9OAAFAAENzQAAh,http://mapa.um.warszawa.pl/mvimages/san13/fig/752_fig_7405038_S10_3_3.png,3,7514403.4248,5781519.3621
AAKG9OAAFAAENzQAAi,20.06.2014,Dzielnica Wawer,klon srebrzysty,Acer saccharinum,D382715,180,18,2001,3,AAKG9OAAFAAENzQAAi,http://mapa.um.warszawa.pl/mvimages/san13/fig/752_fig_7405038_S10_3_3.png,3,7514411.1505,5781521.4257
AAKG9OAAFAAENzQAAj,20.06.2014,Dzielnica Wawer,klon jawor,Acer pseudoplatanus,D382716,111,14,2001,2,AAKG9OAAFAAENzQAAj,http://mapa.um.warszawa.pl/mvimages/san13/fig/752_fig_7405038_S11_2_2.png,2,7514419.0351,5781523.0133
AAKG9OAAFAAENzEAAX,20.06.2014,Dzielnica Wawer,klon jawor,Acer pseudoplatanus,D382681,109,11,2001,1,AAKG9OAAFAAENzEAAX,http://mapa.um.warszawa.pl/mvimages/san13/fig/752_fig_7405038_S1C_1_1.png,1,7514453.0352,5781531.0832
AAKG9OAAFAAENzEAAY,20.06.2014,Dzielnica Wawer,klon jawor,Acer pseudoplatanus,D382682,98,8,2001,1,AAKG9OAAFAAENzEAAY,http://mapa.um.warszawa.pl/mvimages/san13/fig/752_fig_7405038_S1C_1_1.png,1,7514458.6709,5781532.0357
AAKG9OAAFAAENzEAAZ,20.06.2014,Dzielnica Wawer,klon pospolity,Acer platanoides,D382683,16,3,2001,1,AAKG9OAAFAAENzEAAZ,http://mapa.um.warszawa.pl/mvimages/san13/fig/752_fig_7405038_S1E_1_1.png,1,7514463.989,5781533.1469
AAKG9OAAFAAENzEAAa,20.06.2014,Dzielnica Wawer,klon pospolity,Acer platanoides,D382684,100,14,2001,2,AAKG9OAAFAAENzEAAa,http://mapa.um.warszawa.pl/mvimages/san13/fig/752_fig_7405038_S11_2_2.png,2,7514472.8792,5781535.0519
AAKG9OAAFAAENzEAAb,20.06.2014,Dzielnica Wawer,klon srebrzysty,Acer saccharinum,D382685,82,14,2001,2,AAKG9OAAFAAENzEAAb,http://mapa.um.warszawa.pl/mvimages/san13/fig/752_fig_7405038_S15_2_2.png,2,7514480.6578,5781536.1632
AAKG9OAAFAAENzEAAc,20.06.2014,Dzielnica Wawer,klon jawor,Acer pseudoplatanus,D382686,91,10,2001,1,AAKG9OAAFAAENzEAAc,http://mapa.um.warszawa.pl/mvimages/san13/fig/752_fig_7405038_S14_1_1.png,1,7514491.1352,5781538.3063
AAKG9OAAFAAENzEAAd,20.06.2014,Dzielnica Wawer,klon jawor,Acer pseudoplatanus,D382687,76,12,2001,1,AAKG9OAAFAAENzEAAd,http://mapa.um.warszawa.pl/mvimages/san13/fig/752_fig_7405038_S1C_1_1.png,1,7514497.0885,5781539.3382
AAKG9OAAFAAENztAAY,20.06.2014,Dzielnica Wawer,klon pospolity,Acer platanoides,D382345,85,11,2001,2,AAKG9OAAFAAENztAAY,http://mapa.um.warszawa.pl/mvimages/san13/fig/752_fig_7405038_S11_2_2.png,2,7514295.3333,5781590.8744
AAKG9OAAFAAENztAAc,20.06.2014,Dzielnica Wawer,brzoza brodawkowata,Betula pendula,D382349,34,8,2001,1,AAKG9OAAFAAENztAAc,http://mapa.um.warszawa.pl/mvimages/san13/fig/752_fig_7405038_S14_1_1.png,1,7514419.5422,5781615.9283
AAKG9OAAFAAENztAAb,20.06.2014,Dzielnica Wawer,sumak octowiec,Rhus typhina,D382348,14,4,2001,1,AAKG9OAAFAAENztAAb,http://mapa.um.warszawa.pl/mvimages/san13/fig/752_fig_7405038_S1F_1_1.png,1,7514430.0197,5781617.7538
AAKG9OAAFAAENztAAa,20.06.2014,Dzielnica Wawer,brzoza brodawkowata,Betula pendula,D382347,117,18,2001,2,AAKG9OAAFAAENztAAa,http://mapa.um.warszawa.pl/mvimages/san13/fig/752_fig_7405038_S11_2_2.png,2,7514430.7738,5781618.1905
AAKG9OAAFAAENztAAZ,20.06.2014,Dzielnica Wawer,topola  sp.,Populus  sp.,D382346,151,8,2001,2,AAKG9OAAFAAENztAAZ,http://mapa.um.warszawa.pl/mvimages/san13/fig/752_fig_7405038_S11_2_2.png,2,7514430.8929,5781627.4378
AAKG9OAAFAAENztAAe,20.06.2014,Dzielnica Wawer,topola czarna,Populus nigra,D382351,19,5,2001,1,AAKG9OAAFAAENztAAe,http://mapa.um.warszawa.pl/mvimages/san13/fig/752_fig_7405038_S1F_1_1.png,1,7514495.5572,5781632.1526
AAKG9OAAnAAHxCvAAV,20.06.2014,Zarząd Zieleni m.st. Warszawy,lipa drobnolistna,Tilia cordata,D377204,86,12,2001,1,AAKG9OAAnAAHxCvAAV,http://mapa.um.warszawa.pl/mvimages/san13/fig/752_fig_7405038_S14_1_1.png,1,7514297.7862,5781230.4964
AAKG9OAAnAAHxCvAAU,20.06.2014,Zarząd Zieleni m.st. Warszawy,lipa drobnolistna,Tilia cordata,D377203,105,13,2001,1,AAKG9OAAnAAHxCvAAU,http://mapa.um.warszawa.pl/mvimages/san13/fig/752_fig_7405038_S14_1_1.png,1,7514295.1403,5781233.0364
AAKG9OAAnAAHxCvAAT,20.06.2014,Zarząd Zieleni m.st. Warszawy,lipa drobnolistna,Tilia cordata,D377202,32,4,2001,1,AAKG9OAAnAAHxCvAAT,http://mapa.um.warszawa.pl/mvimages/san13/fig/752_fig_7405038_S1F_1_1.png,1,7514294.1348,5781234.6239
AAKG9OAAnAAHxCrAAm,20.06.2014,Zarząd Zieleni m.st. Warszawy,lipa drobnolistna,Tilia cordata,D377201,79,2,2001,1,AAKG9OAAnAAHxCrAAm,http://mapa.um.warszawa.pl/mvimages/san13/fig/752_fig_7405038_S1E_1_1.png,1,7514293.8173,5781235.8938
AAKG9OAAnAAHxCrAAl,20.06.2014,Zarząd Zieleni m.st. Warszawy,lipa drobnolistna,Tilia cordata,D377200,68,8,2001,1,AAKG9OAAnAAHxCrAAl,http://mapa.um.warszawa.pl/mvimages/san13/fig/752_fig_7405038_S1F_1_1.png,1,7514293.2352,5781236.7406
AAKG9OAAFAAENzrAAT,20.06.2014,Dzielnica Wawer,brzoza brodawkowata,Betula pendula,D382594,51,8,2001,1,AAKG9OAAFAAENzrAAT,http://mapa.um.warszawa.pl/mvimages/san13/fig/752_fig_7405038_S1B_1_1.png,1,7514457.0547,5781236.9105
AAKG9OAAFAAENzrAAV,20.06.2014,Dzielnica Wawer,klon jesionolistny,Acer negundo,D382596,139,8,2001,1,AAKG9OAAFAAENzrAAV,http://mapa.um.warszawa.pl/mvimages/san13/fig/752_fig_7405038_S1C_1_1.png,1,7514470.3966,5781236.9537
AAKG9OAAFAAENzrAAS,20.06.2014,Dzielnica Wawer,brzoza brodawkowata,Betula pendula,D382593,28,6,2001,1,AAKG9OAAFAAENzrAAS,http://mapa.um.warszawa.pl/mvimages/san13/fig/752_fig_7405038_S1F_1_1.png,1,7514456.4313,5781238.3131
AAKG9OAAFAAENzfAAo,20.06.2014,Dzielnica Wawer,brzoza brodawkowata,Betula pendula,D382592,12,2,2001,1,AAKG9OAAFAAENzfAAo,http://mapa.um.warszawa.pl/mvimages/san13/fig/752_fig_7405038_S1F_1_1.png,1,7514455.6001,5781239.7157
AAKG9OAAFAAENzrAAU,20.06.2014,Dzielnica Wawer,klon srebrzysty,Acer saccharinum,D382595,142,9,2001,2,AAKG9OAAFAAENzrAAU,http://mapa.um.warszawa.pl/mvimages/san13/fig/752_fig_7405038_S11_2_2.png,2,7514467.0628,5781241.875
AAKG9OAAFAAENzfAAn,20.06.2014,Dzielnica Wawer,sosna pospolita,Pinus sylvestris,D382591,25,4,2001,1,AAKG9OAAFAAENzfAAn,http://mapa.um.warszawa.pl/mvimages/san13/fig/752_fig_7405038_S1F_1_1.png,1,7514452.2236,5781245.0143
AAKG9OAAFAAENzfAAm,20.06.2014,Dzielnica Wawer,sosna pospolita,Pinus sylvestris,D382590,16,3,2001,1,AAKG9OAAFAAENzfAAm,http://mapa.um.warszawa.pl/mvimages/san13/fig/752_fig_7405038_S1F_1_1.png,1,7514451.6001,5781245.8975
AAKG9OAAFAAENzfAAl,20.06.2014,Dzielnica Wawer,klon jesionolistny,Acer negundo,D382589,168,9,2001,1,AAKG9OAAFAAENzfAAl,http://mapa.um.warszawa.pl/mvimages/san13/fig/752_fig_7405038_S1C_1_1.png,1,7514460.3274,5781251.352
AAKG9OAAFAAENzfAAk,20.06.2014,Dzielnica Wawer,klon jesionolistny,Acer negundo,D382588,109,8,2001,1,AAKG9OAAFAAENzfAAk,http://mapa.um.warszawa.pl/mvimages/san13/fig/752_fig_7405038_S1C_1_1.png,1,7514457.5743,5781255.5078
AAKG9OAAFAAENzfAAj,20.06.2014,Dzielnica Wawer,klon jesionolistny,Acer negundo,D382587,140,8,2001,2,AAKG9OAAFAAENzfAAj,http://mapa.um.warszawa.pl/mvimages/san13/fig/752_fig_7405038_S11_2_2.png,2,7514453.7301,5781263.8194
AAKG9OAAFAAENzfAAi,20.06.2014,Dzielnica Wawer,klon  sp.,Acer  sp.,D382586,19,3,2001,1,AAKG9OAAFAAENzfAAi,http://mapa.um.warszawa.pl/mvimages/san13/fig/752_fig_7405038_S1E_1_1.png,1,7514449.1586,5781270.5727
AAKG9OAAFAAENzfAAh,20.06.2014,Dzielnica Wawer,klon jesionolistny,Acer negundo,D382585,147,9,2001,2,AAKG9OAAFAAENzfAAh,http://mapa.um.warszawa.pl/mvimages/san13/fig/752_fig_7405038_S12_2_2.png,2,7514442.6652,5781282.8323
AAKG9OAAFAAENzfAAf,20.06.2014,Dzielnica Wawer,sosna pospolita,Pinus sylvestris,D382583,178,10,2001,1,AAKG9OAAFAAENzfAAf,http://mapa.um.warszawa.pl/mvimages/san13/fig/752_fig_7405038_S1C_1_1.png,1,7514426.2497,5781287.1441
AAKG9OAAFAAENzfAAg,20.06.2014,Dzielnica Wawer,klon srebrzysty,Acer saccharinum,D382584,158,13,2001,2,AAKG9OAAFAAENzfAAg,http://mapa.um.warszawa.pl/mvimages/san13/fig/752_fig_7405038_S15_2_2.png,2,7514439.0288,5781287.8193
AAKG9OAAFAAENzfAAe,20.06.2014,Dzielnica Wawer,kasztanowiec pospolity,Aesculus hippocastanum,D382582,202,11,2001,2,AAKG9OAAFAAENzfAAe,http://mapa.um.warszawa.pl/mvimages/san13/fig/752_fig_7405038_S12_2_2.png,2,7514427.2366,5781291.0401
AAKG9OAAnAAHzEXAAE,20.06.2014,Dzielnica Wawer,sumak octowiec,Rhus typhina,D384418,"25, 27",3,2001,1,AAKG9OAAnAAHzEXAAE,http://mapa.um.warszawa.pl/mvimages/san13/fig/752_fig_7405038_S1B_1_1.png,1,7514417.9387,5781302.5201
AAKG9OAAFAAENzrAAf,20.06.2014,Dzielnica Wawer,klon srebrzysty,Acer saccharinum,D382606,156,11,2001,2,AAKG9OAAFAAENzrAAf,http://mapa.um.warszawa.pl/mvimages/san13/fig/752_fig_7405038_S15_2_2.png,2,7514422.3676,5781313.8492
AAKG9OAAFAAENzrAAe,20.06.2014,Dzielnica Wawer,klon jesionolistny,Acer negundo,D382605,169,8,2001,2,AAKG9OAAFAAENzrAAe,http://mapa.um.warszawa.pl/mvimages/san13/fig/752_fig_7405038_S15_2_2.png,2,7514414.3508,5781327.5018
AAKG9OAAFAAENzrAAd,20.06.2014,Dzielnica Wawer,sumak octowiec,Rhus typhina,D382604,75,5,2001,1,AAKG9OAAFAAENzrAAd,http://mapa.um.warszawa.pl/mvimages/san13/fig/752_fig_7405038_S1B_1_1.png,1,7514398.0787,5781333.9312
AAKG9OAAFAAENzrAAc,20.06.2014,Dzielnica Wawer,klon srebrzysty,Acer saccharinum,D382603,119,10,2001,2,AAKG9OAAFAAENzrAAc,http://mapa.um.warszawa.pl/mvimages/san13/fig/752_fig_7405038_S15_2_2.png,2,7514397.0204,5781355.7594
AAKG9OAAFAAENzrAAb,20.06.2014,Dzielnica Wawer,klon jesionolistny,Acer negundo,D382602,142,10,2001,2,AAKG9OAAFAAENzrAAb,http://mapa.um.warszawa.pl/mvimages/san13/fig/752_fig_7405038_S15_2_2.png,2,7514393.3162,5781361.5801
AAKG9OAAFAAENzrAAa,20.06.2014,Dzielnica Wawer,klon  sp.,Acer  sp.,D382601,21,3,2001,1,AAKG9OAAFAAENzrAAa,http://mapa.um.warszawa.pl/mvimages/san13/fig/752_fig_7405038_S1E_1_1.png,1,7514383.7912,5781376.3969
AAKG9OAAFAAENzrAAh,20.06.2014,Dzielnica Wawer,wiśnia  sp.,Prunus  sp.(wiśnia),D382608,36,3,2001,1,AAKG9OAAFAAENzrAAh,http://mapa.um.warszawa.pl/mvimages/san13/fig/752_fig_7405038_S1F_1_1.png,1,7514368.1303,5781381.9916
AAKG9OAAFAAENzrAAi,20.06.2014,Dzielnica Wawer,klon  sp.,Acer  sp.,D382609,20,4,2001,1,AAKG9OAAFAAENzrAAi,http://mapa.um.warszawa.pl/mvimages/san13/fig/752_fig_7405038_S1F_1_1.png,1,7514375.6269,5781391.5448
AAKG9OAAFAAENzrAAj,20.06.2014,Dzielnica Wawer,klon jesionolistny,Acer negundo,D382610,"33, 28, 26, 19",6,2001,1,AAKG9OAAFAAENzrAAj,http://mapa.um.warszawa.pl/mvimages/san13/fig/752_fig_7405038_S1C_1_1.png,1,7514374.3,5781393.6677
AAKG9OAAFAAENzrAAg,20.06.2014,Dzielnica Wawer,lilak pospolity,Syringa vulgaris,D382607,"27, 21",3,2001,1,AAKG9OAAFAAENzrAAg,http://mapa.um.warszawa.pl/mvimages/san13/fig/752_fig_7405038_S1F_1_1.png,1,7514357.582,5781396.255
AAKG9OAAFAAENZOAAE,20.06.2014,Dzielnica Wawer,sosna pospolita,Pinus sylvestris,D376777,148,11,2001,3,AAKG9OAAFAAENZOAAE,http://mapa.um.warszawa.pl/mvimages/san13/fig/752_fig_7405038_S1G_3_3.png,3,7514312.932,5780910.5193
AAKG9OAAFAAENZOAAK,20.06.2014,Dzielnica Wawer,robinia  sp.,Robinia  sp.,D376783,123,12,2001,2,AAKG9OAAFAAENZOAAK,http://mapa.um.warszawa.pl/mvimages/san13/fig/752_fig_7405038_S15_2_2.png,2,7514238.605,5780915.4106
AAKG9OAAFAAENZOAAM,20.06.2014,Dzielnica Wawer,śliwa  sp.,Prunus  sp.(śliwa),D376785,30,3,2001,1,AAKG9OAAFAAENZOAAM,http://mapa.um.warszawa.pl/mvimages/san13/fig/752_fig_7405038_S1F_1_1.png,1,7514236.9648,5780916.2043
AAKG9OAAFAAENZOAAL,20.06.2014,Dzielnica Wawer,sosna pospolita,Pinus sylvestris,D376784,115,12,2001,2,AAKG9OAAFAAENZOAAL,http://mapa.um.warszawa.pl/mvimages/san13/fig/752_fig_7405038_S11_2_2.png,2,7514234.266,5780919.3264
AAKG9OAAnAAHxC0AAJ,20.06.2014,Dzielnica Wawer,sosna pospolita,Pinus sylvestris,D376801,93,10,2001,1,AAKG9OAAnAAHxC0AAJ,http://mapa.um.warszawa.pl/mvimages/san13/fig/752_fig_7405038_S14_1_1.png,1,7514222.8076,5780939.389
AAKG9OAAnAAHxC0AAK,20.06.2014,Dzielnica Wawer,sosna pospolita,Pinus sylvestris,D376802,110,11,2001,2,AAKG9OAAnAAHxC0AAK,http://mapa.um.warszawa.pl/mvimages/san13/fig/752_fig_7405038_S11_2_2.png,2,7514204.8687,5780967.8317
AAKG9OAAnAAHxC0AAL,20.06.2014,Dzielnica Wawer,sosna pospolita,Pinus sylvestris,D376803,92,10,2001,2,AAKG9OAAnAAHxC0AAL,http://mapa.um.warszawa.pl/mvimages/san13/fig/752_fig_7405038_S15_2_2.png,2,7514202.4213,5780971.2713
AAKG9OAAnAAHxC0AAM,20.06.2014,Dzielnica Wawer,sosna pospolita,Pinus sylvestris,D376804,102,10,2001,2,AAKG9OAAnAAHxC0AAM,http://mapa.um.warszawa.pl/mvimages/san13/fig/752_fig_7405038_S11_2_2.png,2,7514201.0323,5780972.3297
AAKG9OAAnAAHxC0AAF,20.06.2014,Dzielnica Wawer,sosna pospolita,Pinus sylvestris,D376797,80,10,2001,1,AAKG9OAAnAAHxC0AAF,http://mapa.um.warszawa.pl/mvimages/san13/fig/752_fig_7405038_S1C_1_1.png,1,7514194.6724,5780983.331
AAKG9OAAFAAENZOAAX,20.06.2014,Dzielnica Wawer,sosna pospolita,Pinus sylvestris,D376796,132,9,2001,2,AAKG9OAAFAAENZOAAX,http://mapa.um.warszawa.pl/mvimages/san13/fig/752_fig_7405038_S15_2_2.png,2,7514191.5636,5780988.292
AAKG9OAAFAAENZOAAW,20.06.2014,Dzielnica Wawer,sosna pospolita,Pinus sylvestris,D376795,113,10,2001,2,AAKG9OAAFAAENZOAAW,http://mapa.um.warszawa.pl/mvimages/san13/fig/752_fig_7405038_S15_2_2.png,2,7514187.595,5780993.1869
AAKG9OAAFAAENZOAAV,20.06.2014,Dzielnica Wawer,sosna pospolita,Pinus sylvestris,D376794,118,11,2001,2,AAKG9OAAFAAENZOAAV,http://mapa.um.warszawa.pl/mvimages/san13/fig/752_fig_7405038_S11_2_2.png,2,7514186.9334,5781000.9257
AAKG9OAAnAAHxC0AAG,20.06.2014,Dzielnica Wawer,czeremcha późna,Prunus serotina,D376798,112,12,2001,2,AAKG9OAAnAAHxC0AAG,http://mapa.um.warszawa.pl/mvimages/san13/fig/752_fig_7405038_S15_2_2.png,2,7514202.6629,5781016.4041
AAKG9OAAFAAENZOAAU,20.06.2014,Dzielnica Wawer,topola  sp.,Populus  sp.,D376793,68,8,2001,2,AAKG9OAAFAAENZOAAU,http://mapa.um.warszawa.pl/mvimages/san13/fig/752_fig_7405038_S11_2_2.png,2,7514173.9027,5781018.3222
AAKG9OAAnAAHxC0AAH,20.06.2014,Dzielnica Wawer,robinia  sp.,Robinia  sp.,D376799,108,13,2001,2,AAKG9OAAnAAHxC0AAH,http://mapa.um.warszawa.pl/mvimages/san13/fig/752_fig_7405038_S11_2_2.png,2,7514258.4901,5781022.0264
AAKG9OAAnAAHxC0AAI,20.06.2014,Dzielnica Wawer,robinia  sp.,Robinia  sp.,D376800,"120, 97",13,2001,2,AAKG9OAAnAAHxC0AAI,http://mapa.um.warszawa.pl/mvimages/san13/fig/752_fig_7405038_S15_2_2.png,2,7514271.587,5781025.9952
AAKG9OAAFAAENZOAAN,20.06.2014,Dzielnica Wawer,robinia  sp.,Robinia  sp.,D376786,"64, 69, 122",14,2001,3,AAKG9OAAFAAENZOAAN,http://mapa.um.warszawa.pl/mvimages/san13/fig/752_fig_7405038_S1G_3_3.png,3,7514279.4913,5781027.9022
AAKG9OAAFAAENZOAAO,20.06.2014,Dzielnica Wawer,robinia  sp.,Robinia  sp.,D376787,129,13,2001,2,AAKG9OAAFAAENZOAAO,http://mapa.um.warszawa.pl/mvimages/san13/fig/752_fig_7405038_S15_2_2.png,2,7514289.7308,5781030.2836
AAKG9OAAFAAENZOAAP,20.06.2014,Dzielnica Wawer,robinia  sp.,Robinia  sp.,D376788,"66, 58, 114",15,2001,2,AAKG9OAAFAAENZOAAP,http://mapa.um.warszawa.pl/mvimages/san13/fig/752_fig_7405038_S11_2_2.png,2,7514294.8108,5781031.5536
AAKG9OAAFAAENZOAAT,20.06.2014,Dzielnica Wawer,sosna pospolita,Pinus sylvestris,D376792,122,11,2001,2,AAKG9OAAFAAENZOAAT,http://mapa.um.warszawa.pl/mvimages/san13/fig/752_fig_7405038_S11_2_2.png,2,7514164.9729,5781033.4035
AAKG9OAAFAAENZOAAQ,20.06.2014,Dzielnica Wawer,robinia  sp.,Robinia  sp.,D376789,"157, 127",14,2001,3,AAKG9OAAFAAENZOAAQ,http://mapa.um.warszawa.pl/mvimages/san13/fig/752_fig_7405038_S1G_3_3.png,3,7514304.2564,5781034.6492
AAKG9OAAFAAENZOAAR,20.06.2014,Zarząd Zieleni m.st. Warszawy,robinia  sp.,Robinia  sp.,D376790,113,15,2001,2,AAKG9OAAFAAENZOAAR,http://mapa.um.warszawa.pl/mvimages/san13/fig/752_fig_7405038_S11_2_2.png,2,7514324.8938,5781040.9992
AAKG9OAAFAAENZOAAS,20.06.2014,Zarząd Zieleni m.st. Warszawy,robinia  sp.,Robinia  sp.,D376791,207,20,2001,3,AAKG9OAAFAAENZOAAS,http://mapa.um.warszawa.pl/mvimages/san13/fig/752_fig_7405038_S16_3_3.png,3,7514317.0357,5781049.8892
AAKG9OAAFAAENzsAAS,20.06.2014,Zarząd Zieleni m.st. Warszawy,klon jesionolistny,Acer negundo,D382784,"52, 57, 58",7,2001,2,AAKG9OAAFAAENzsAAS,http://mapa.um.warszawa.pl/mvimages/san13/fig/752_fig_7405038_S12_2_2.png,2,7514388.5141,5781065.9355
AAKG9OAAFAAENzvAAb,20.06.2014,Dzielnica Wawer,sosna pospolita,Pinus sylvestris,D383184,20,3,2001,1,AAKG9OAAFAAENzvAAb,http://mapa.um.warszawa.pl/mvimages/san13/fig/752_fig_7405038_S14_1_1.png,1,7514212.2554,5781081.942
AAKG9OAAFAAENzvAAc,20.06.2014,Dzielnica Wawer,jarząb pospolity ,Sorbus aucuparia,D383185,42,9,2001,2,AAKG9OAAFAAENzvAAc,http://mapa.um.warszawa.pl/mvimages/san13/fig/752_fig_7405038_S11_2_2.png,2,7514208.5428,5781087.4961
AAKG9OAAFAAENzvAAd,20.06.2014,Dzielnica Wawer,jarząb pospolity ,Sorbus aucuparia,D383186,13,3,2001,1,AAKG9OAAFAAENzvAAd,http://mapa.um.warszawa.pl/mvimages/san13/fig/752_fig_7405038_S1F_1_1.png,1,7514206.7043,5781090.7227
AAKG9OAAFAAENzvAAe,20.06.2014,Dzielnica Wawer,jarząb pospolity ,Sorbus aucuparia,D383187,35,7,2001,1,AAKG9OAAFAAENzvAAe,http://mapa.um.warszawa.pl/mvimages/san13/fig/752_fig_7405038_S1C_1_1.png,1,7514204.5354,5781094.2057
AAKG9OAAFAAENzvAAf,20.06.2014,Dzielnica Wawer,jarząb pospolity ,Sorbus aucuparia,D383188,66,9,2001,2,AAKG9OAAFAAENzvAAf,http://mapa.um.warszawa.pl/mvimages/san13/fig/752_fig_7405038_S11_2_2.png,2,7514203.1015,5781096.589
AAKG9OAAFAAENzvAAh,20.06.2014,Dzielnica Wawer,jarząb pospolity ,Sorbus aucuparia,D383190,"30, 19",6,2001,1,AAKG9OAAFAAENzvAAh,http://mapa.um.warszawa.pl/mvimages/san13/fig/752_fig_7405038_S1C_1_1.png,1,7514200.7305,5781100.2552
AAKG9OAAFAAENzvAAg,20.06.2014,Dzielnica Wawer,jarząb pospolity ,Sorbus aucuparia,D383189,50,6,2001,2,AAKG9OAAFAAENzvAAg,http://mapa.um.warszawa.pl/mvimages/san13/fig/752_fig_7405038_S11_2_2.png,2,7514198.2856,5781104.2699
AAKG9OAAnAAHxCrAAM,20.06.2014,Dzielnica Wawer,grusza pospolita,Pyrus pyraster,D377175,"31, 28, 22",5,2001,1,AAKG9OAAnAAHxCrAAM,http://mapa.um.warszawa.pl/mvimages/san13/fig/752_fig_7405038_S14_1_1.png,1,7514159.2964,5781178.5288
AAKG9OAAFAAENzgAAl,20.06.2014,Dzielnica Wawer,brzoza brodawkowata,Betula pendula,D383323,"49, 54",7,2001,2,AAKG9OAAFAAENzgAAl,http://mapa.um.warszawa.pl/mvimages/san13/fig/752_fig_7405038_S11_2_2.png,2,7514159.6083,5781140.2992
AAKG9OAAnAAHxCbAAD,20.06.2014,Zarząd Zieleni m.st. Warszawy,śliwa  sp.,Prunus  sp.(śliwa),D377226,"16, 9",2,2001,1,AAKG9OAAnAAHxCbAAD,http://mapa.um.warszawa.pl/mvimages/san13/fig/752_fig_7405038_S1E_1_1.png,1,7514160.9029,5781338.145
AAKG9OAAFAAENzgAAm,20.06.2014,Dzielnica Wawer,sosna pospolita,Pinus sylvestris,D383324,93,8,2001,1,AAKG9OAAFAAENzgAAm,http://mapa.um.warszawa.pl/mvimages/san13/fig/752_fig_7405038_S14_1_1.png,1,7514173.58,5781157.666
AAKG9OAAFAAENzgAAn,20.06.2014,Dzielnica Wawer,sosna pospolita,Pinus sylvestris,D383325,30,4,2001,1,AAKG9OAAFAAENzgAAn,http://mapa.um.warszawa.pl/mvimages/san13/fig/752_fig_7405038_S1B_1_1.png,1,7514175.7766,5781154.4394
AAKG9OAAFAAENzgAAh,20.06.2014,Dzielnica Wawer,jesion wyniosły,Fraxinus excelsior,D383319,23,5,2001,1,AAKG9OAAFAAENzgAAh,http://mapa.um.warszawa.pl/mvimages/san13/fig/752_fig_7405038_S1F_1_1.png,1,7514186.4303,5781122.6011
AAKG9OAAFAAENZxAAk,20.06.2014,Zarząd Zieleni m.st. Warszawy,robinia  sp.,Robinia  sp.,D377238,41,8,2001,1,AAKG9OAAFAAENZxAAk,http://mapa.um.warszawa.pl/mvimages/san13/fig/752_fig_7405038_S1B_1_1.png,1,7514204.9203,5781382.7957
AAKG9OAAFAAENzgAAi,20.06.2014,Dzielnica Wawer,klon jesionolistny,Acer negundo,D383320,99,12,2001,2,AAKG9OAAFAAENzgAAi,http://mapa.um.warszawa.pl/mvimages/san13/fig/752_fig_7405038_S15_2_2.png,2,7514207.6676,5781143.5592
AAKG9OAAnAAHxCvAAh,20.06.2014,Zarząd Zieleni m.st. Warszawy,topola czarna,Populus nigra,D377216,254,18,2001,2,AAKG9OAAnAAHxCvAAh,http://mapa.um.warszawa.pl/mvimages/san13/fig/752_fig_7405038_S12_2_2.png,2,7514212.0345,5781247.6361
AAKG9OAAnAAHxCvAAi,20.06.2014,Zarząd Zieleni m.st. Warszawy,jabłoń  sp.,Malus  sp.,D377217,27,4,2001,1,AAKG9OAAnAAHxCvAAi,http://mapa.um.warszawa.pl/mvimages/san13/fig/752_fig_7405038_S1F_1_1.png,1,7514245.087,5781314.22
AAKG9OAAnAAHxCvAAk,20.06.2014,Zarząd Zieleni m.st. Warszawy,czeremcha późna,Prunus serotina,D377219,24,4,2001,1,AAKG9OAAnAAHxCvAAk,http://mapa.um.warszawa.pl/mvimages/san13/fig/752_fig_7405038_S1B_1_1.png,1,7514246.7803,5781313.585
AAKG9OAAnAAHxCvAAj,20.06.2014,Zarząd Zieleni m.st. Warszawy,śliwa  sp.,Prunus  sp.(śliwa),D377218,"33, 20, 42",7,2001,1,AAKG9OAAnAAHxCvAAj,http://mapa.um.warszawa.pl/mvimages/san13/fig/752_fig_7405038_S14_1_1.png,1,7514246.8331,5781310.9922
AAKG9OAAnAAHxCvAAl,20.06.2014,Zarząd Zieleni m.st. Warszawy,czeremcha późna,Prunus serotina,D377220,33,6,2001,1,AAKG9OAAnAAHxCvAAl,http://mapa.um.warszawa.pl/mvimages/san13/fig/752_fig_7405038_S14_1_1.png,1,7514249.7436,5781309.4575
AAKG9OAAnAAHxCvAAm,20.06.2014,Zarząd Zieleni m.st. Warszawy,lipa drobnolistna,Tilia cordata,D377221,116,13,2001,1,AAKG9OAAnAAHxCvAAm,http://mapa.um.warszawa.pl/mvimages/san13/fig/752_fig_7405038_S1C_1_1.png,1,7514250.5903,5781308.1876
AAKG9OAAnAAHxCvAAn,20.06.2014,Zarząd Zieleni m.st. Warszawy,lipa drobnolistna,Tilia cordata,D377222,100,11,2001,1,AAKG9OAAnAAHxCvAAn,http://mapa.um.warszawa.pl/mvimages/san13/fig/752_fig_7405038_S1C_1_1.png,1,7514251.6485,5781305.7533
AAKG9OAAnAAHxCbAAA,20.06.2014,Zarząd Zieleni m.st. Warszawy,dąb szypułkowy,Quercus robur,D377223,212,16,2001,2,AAKG9OAAnAAHxCbAAA,http://mapa.um.warszawa.pl/mvimages/san13/fig/752_fig_7405038_S15_2_2.png,2,7514252.9186,5781304.1129
AAKG9OAAnAAHxCbAAB,20.06.2014,Zarząd Zieleni m.st. Warszawy,lipa drobnolistna,Tilia cordata,D377224,136,12,2001,1,AAKG9OAAnAAHxCbAAB,http://mapa.um.warszawa.pl/mvimages/san13/fig/752_fig_7405038_S1C_1_1.png,1,7514258.1971,5781295.9108
AAKG9OAAnAAHxCrAAa,20.06.2014,Zarząd Zieleni m.st. Warszawy,lipa drobnolistna,Tilia cordata,D377189,130,12,2001,1,AAKG9OAAnAAHxCrAAa,http://mapa.um.warszawa.pl/mvimages/san13/fig/752_fig_7405038_S1C_1_1.png,1,7514259.9506,5781289.3399
AAKG9OAAnAAHxCrAAb,20.06.2014,Zarząd Zieleni m.st. Warszawy,lipa drobnolistna,Tilia cordata,D377190,"114, 129",13,2001,1,AAKG9OAAnAAHxCrAAb,http://mapa.um.warszawa.pl/mvimages/san13/fig/752_fig_7405038_S1C_1_1.png,1,7514264.3824,5781282.9236
AAKG9OAAFAAENzvAAa,20.06.2014,Dzielnica Wawer,dąb szypułkowy,Quercus robur,D383183,73,11,2001,2,AAKG9OAAFAAENzvAAa,http://mapa.um.warszawa.pl/mvimages/san13/fig/752_fig_7405038_S15_2_2.png,2,7514266.6224,5781134.9901
AAKG9OAAFAAENzvAAZ,20.06.2014,Dzielnica Wawer,sosna pospolita,Pinus sylvestris,D383182,106,10,2001,1,AAKG9OAAFAAENzvAAZ,http://mapa.um.warszawa.pl/mvimages/san13/fig/752_fig_7405038_S1C_1_1.png,1,7514271.2357,5781127.9692
AAKG9OAAFAAENzvAAY,20.06.2014,Dzielnica Wawer,sosna pospolita,Pinus sylvestris,D383180,130,12,2001,2,AAKG9OAAFAAENzvAAY,http://mapa.um.warszawa.pl/mvimages/san13/fig/752_fig_7405038_S15_2_2.png,2,7514275.8508,5781119.5176
AAKG9OAAnAAHxCrAAc,20.06.2014,Zarząd Zieleni m.st. Warszawy,lipa drobnolistna,Tilia cordata,D377191,201,13,2001,1,AAKG9OAAnAAHxCrAAc,http://mapa.um.warszawa.pl/mvimages/san13/fig/752_fig_7405038_S1C_1_1.png,1,7514279.0006,5781260.5001
AAKG9OAAnAAHxCrAAd,20.06.2014,Zarząd Zieleni m.st. Warszawy,lipa drobnolistna,Tilia cordata,D377192,131,12,2001,1,AAKG9OAAnAAHxCrAAd,http://mapa.um.warszawa.pl/mvimages/san13/fig/752_fig_7405038_S14_1_1.png,1,7514281.2497,5781257.3252
AAKG9OAAnAAHxCrAAe,20.06.2014,Zarząd Zieleni m.st. Warszawy,lipa drobnolistna,Tilia cordata,D377193,"118, 19",13,2001,1,AAKG9OAAnAAHxCrAAe,http://mapa.um.warszawa.pl/mvimages/san13/fig/752_fig_7405038_S1C_1_1.png,1,7514283.7631,5781252.5627
AAKG9OAAnAAHxCrAAf,20.06.2014,Zarząd Zieleni m.st. Warszawy,lipa drobnolistna,Tilia cordata,D377194,81,12,2001,1,AAKG9OAAnAAHxCrAAf,http://mapa.um.warszawa.pl/mvimages/san13/fig/752_fig_7405038_S14_1_1.png,1,7514284.6229,5781250.909
AAKG9OAAnAAHxCrAAg,20.06.2014,Zarząd Zieleni m.st. Warszawy,lipa drobnolistna,Tilia cordata,D377195,61,5,2001,1,AAKG9OAAnAAHxCrAAg,http://mapa.um.warszawa.pl/mvimages/san13/fig/752_fig_7405038_S1B_1_1.png,1,7514285.7476,5781250.1152
AAKG9OAAnAAHxCrAAh,20.06.2014,Zarząd Zieleni m.st. Warszawy,lipa drobnolistna,Tilia cordata,D377196,"148, 133",13,2001,1,AAKG9OAAnAAHxCrAAh,http://mapa.um.warszawa.pl/mvimages/san13/fig/752_fig_7405038_S1C_1_1.png,1,7514286.7794,5781247.6414
AAKG9OAAnAAHxCrAAi,20.06.2014,Zarząd Zieleni m.st. Warszawy,lipa drobnolistna,Tilia cordata,D377197,92,8,2001,1,AAKG9OAAnAAHxCrAAi,http://mapa.um.warszawa.pl/mvimages/san13/fig/752_fig_7405038_S1B_1_1.png,1,7514288.1552,5781243.8843
AAKG9OAAnAAHxCrAAj,20.06.2014,Zarząd Zieleni m.st. Warszawy,lipa drobnolistna,Tilia cordata,D377198,"94, 47",13,2001,1,AAKG9OAAnAAHxCrAAj,http://mapa.um.warszawa.pl/mvimages/san13/fig/752_fig_7405038_S1C_1_1.png,1,7514290.1662,5781241.1327
AAKG9OAAnAAHxCrAAk,20.06.2014,Zarząd Zieleni m.st. Warszawy,lipa drobnolistna,Tilia cordata,D377199,60,8,2001,1,AAKG9OAAnAAHxCrAAk,http://mapa.um.warszawa.pl/mvimages/san13/fig/752_fig_7405038_S1B_1_1.png,1,7514292.2298,5781238.4869
AAKG9OAAFAAENzvAAN,20.06.2014,Zarząd Zieleni m.st. Warszawy,klon pospolity,Acer platanoides,D383169,31,5,2001,1,AAKG9OAAFAAENzvAAN,http://mapa.um.warszawa.pl/mvimages/san13/fig/752_fig_7405038_S1F_1_1.png,1,7514117.7166,5780714.1136
AAKG9OAAFAAENzvAAM,20.06.2014,Zarząd Zieleni m.st. Warszawy,klon  sp.,Acer  sp.,D383168,"37, 40, 41",7,2001,1,AAKG9OAAFAAENzvAAM,http://mapa.um.warszawa.pl/mvimages/san13/fig/752_fig_7405038_S1B_1_1.png,1,7514138.3906,5780720.0355
AAKG9OAAFAAENzjAAh,20.06.2014,Zarząd Zieleni m.st. Warszawy,topola  sp.,Populus  sp.,D383167,145,17,2001,3,AAKG9OAAFAAENzjAAh,http://mapa.um.warszawa.pl/mvimages/san13/fig/752_fig_7405038_S1G_3_3.png,3,7514145.6259,5780722.5283
AAKG9OAAFAAENzjAAa,20.06.2014,Dzielnica Wawer,klon  sp.,Acer  sp.,D383160,"21, 22",10,2001,2,AAKG9OAAFAAENzjAAa,http://mapa.um.warszawa.pl/mvimages/san13/fig/752_fig_7405038_S15_2_2.png,2,7514175.5435,5780722.6806
AAKG9OAAFAAENzjAAY,20.06.2014,Zarząd Zieleni m.st. Warszawy,topola  sp.,Populus  sp.,D383158,229,21,2001,3,AAKG9OAAFAAENzjAAY,http://mapa.um.warszawa.pl/mvimages/san13/fig/752_fig_7405038_S16_3_3.png,3,7514156.6213,5780726.3301
AAKG9OAAFAAENzjAAb,20.06.2014,Zarząd Zieleni m.st. Warszawy,klon  sp.,Acer  sp.,D383161,58,10,2001,2,AAKG9OAAFAAENzjAAb,http://mapa.um.warszawa.pl/mvimages/san13/fig/752_fig_7405038_S15_2_2.png,2,7514174.2501,5780732.2973
AAKG9OAAFAAENzvAAV,20.06.2014,Zarząd Zieleni m.st. Warszawy,klon srebrzysty,Acer saccharinum,D383177,201,13,2001,3,AAKG9OAAFAAENzvAAV,http://mapa.um.warszawa.pl/mvimages/san13/fig/752_fig_7405038_S16_3_3.png,3,7514194.8032,5780745.5503
AAKG9OAAFAAENzjAAc,20.06.2014,Dzielnica Wawer,sosna pospolita,Pinus sylvestris,D383162,119,12,2001,3,AAKG9OAAFAAENzjAAc,http://mapa.um.warszawa.pl/mvimages/san13/fig/752_fig_7405038_S1A_3_3.png,3,7514146.9919,5780768.7011
AAKG9OAAFAAENzjAAd,20.06.2014,Dzielnica Wawer,klon pospolity,Acer platanoides,D383163,139,14,2001,3,AAKG9OAAFAAENzjAAd,http://mapa.um.warszawa.pl/mvimages/san13/fig/752_fig_7405038_S1G_3_3.png,3,7514141.6357,5780778.0064
AAKG9OAAFAAENzjAAf,20.06.2014,Dzielnica Wawer,brzoza brodawkowata,Betula pendula,D383165,13,4,2001,1,AAKG9OAAFAAENzjAAf,http://mapa.um.warszawa.pl/mvimages/san13/fig/752_fig_7405038_S1B_1_1.png,1,7514139.9663,5780783.1848
AAKG9OAAFAAENzjAAg,20.06.2014,Dzielnica Wawer,robinia  sp.,Robinia  sp.,D383166,"6, 9",3,2001,1,AAKG9OAAFAAENzjAAg,http://mapa.um.warszawa.pl/mvimages/san13/fig/752_fig_7405038_S1F_1_1.png,1,7514134.6828,5780787.0634
AAKG9OAAnAAHxC0AAa,20.06.2014,Dzielnica Wawer,sosna pospolita,Pinus sylvestris,D376818,143,10,2001,2,AAKG9OAAnAAHxC0AAa,http://mapa.um.warszawa.pl/mvimages/san13/fig/752_fig_7405038_S15_2_2.png,2,7514135.2078,5780787.6564
AAKG9OAAFAAENzjAAe,20.06.2014,Dzielnica Wawer,sosna pospolita,Pinus sylvestris,D383164,143,13,2001,2,AAKG9OAAFAAENzjAAe,http://mapa.um.warszawa.pl/mvimages/san13/fig/752_fig_7405038_S12_2_2.png,2,7514136.1752,5780789.3378
AAKG9OAAnAAHxC0AAZ,20.06.2014,Dzielnica Wawer,sosna pospolita,Pinus sylvestris,D376817,88,8,2001,1,AAKG9OAAnAAHxC0AAZ,http://mapa.um.warszawa.pl/mvimages/san13/fig/752_fig_7405038_S14_1_1.png,1,7514124.1165,5780802.9492
AAKG9OAAnAAHxC0AAY,20.06.2014,Dzielnica Wawer,sosna pospolita,Pinus sylvestris,D376816,99,9,2001,2,AAKG9OAAnAAHxC0AAY,http://mapa.um.warszawa.pl/mvimages/san13/fig/752_fig_7405038_S15_2_2.png,2,7514124.9632,5780805.3834
AAKG9OAAnAAHxC0AAX,20.06.2014,Dzielnica Wawer,sosna pospolita,Pinus sylvestris,D376815,97,9,2001,2,AAKG9OAAnAAHxC0AAX,http://mapa.um.warszawa.pl/mvimages/san13/fig/752_fig_7405038_S15_2_2.png,2,7514120.4123,5780809.5639
AAKG9OAAnAAHxC0AAW,20.06.2014,Dzielnica Wawer,sosna pospolita,Pinus sylvestris,D376814,113,11,2001,2,AAKG9OAAnAAHxC0AAW,http://mapa.um.warszawa.pl/mvimages/san13/fig/752_fig_7405038_S15_2_2.png,2,7514114.4856,5780821.0997
AAKG9OAAnAAHxC0AAV,20.06.2014,Dzielnica Wawer,robinia  sp.,Robinia  sp.,D376813,"20, 51, 17",9,2001,2,AAKG9OAAnAAHxC0AAV,http://mapa.um.warszawa.pl/mvimages/san13/fig/752_fig_7405038_S15_2_2.png,2,7514103.6906,5780837.8743
AAKG9OAAnAAHxC0AAU,20.06.2014,Dzielnica Wawer,robinia  sp.,Robinia  sp.,D376812,177,9,2001,1,AAKG9OAAnAAHxC0AAU,http://mapa.um.warszawa.pl/mvimages/san13/fig/752_fig_7405038_S1C_1_1.png,1,7514104.3467,5780842.8308
AAKG9OAAnAAHxC0AAT,20.06.2014,Dzielnica Wawer,klon jesionolistny,Acer negundo,D376811,131,10,2001,2,AAKG9OAAnAAHxC0AAT,http://mapa.um.warszawa.pl/mvimages/san13/fig/752_fig_7405038_S11_2_2.png,2,7514104.7701,5780844.6299
AAKG9OAAnAAHxC0AAS,20.06.2014,Dzielnica Wawer,sosna pospolita,Pinus sylvestris,D376810,101,11,2001,1,AAKG9OAAnAAHxC0AAS,http://mapa.um.warszawa.pl/mvimages/san13/fig/752_fig_7405038_S14_1_1.png,1,7514116.253,5780850.5565
AAKG9OAAnAAHxC0AAQ,20.06.2014,Dzielnica Wawer,robinia  sp.,Robinia  sp.,D376808,"16, 76, 75",13,2001,2,AAKG9OAAnAAHxC0AAQ,http://mapa.um.warszawa.pl/mvimages/san13/fig/752_fig_7405038_S12_2_2.png,2,7514163.5474,5780866.167
AAKG9OAAnAAHxC0AAR,20.06.2014,Dzielnica Wawer,klon jesionolistny,Acer negundo,D376809,58,9,2001,2,AAKG9OAAnAAHxC0AAR,http://mapa.um.warszawa.pl/mvimages/san13/fig/752_fig_7405038_S15_2_2.png,2,7514153.0964,5780872.9138
AAKG9OAAnAAHxC0AAP,20.06.2014,Dzielnica Wawer,klon jesionolistny,Acer negundo,D376807,49,6,2001,1,AAKG9OAAnAAHxC0AAP,http://mapa.um.warszawa.pl/mvimages/san13/fig/752_fig_7405038_S14_1_1.png,1,7514198.3587,5780886.152
AAKG9OAAnAAHxC0AAO,20.06.2014,Dzielnica Wawer,sosna pospolita,Pinus sylvestris,D376806,24,4,2001,1,AAKG9OAAnAAHxC0AAO,http://mapa.um.warszawa.pl/mvimages/san13/fig/752_fig_7405038_S1B_1_1.png,1,7514236.7961,5780888.8641
AAKG9OAAnAAHxC0AAN,20.06.2014,Dzielnica Wawer,sosna pospolita,Pinus sylvestris,D376805,31,4,2001,1,AAKG9OAAnAAHxC0AAN,http://mapa.um.warszawa.pl/mvimages/san13/fig/752_fig_7405038_S1F_1_1.png,1,7514235.5062,5780888.9964
AAKG9OAAFAAENZOAAJ,20.06.2014,Dzielnica Wawer,brzoza brodawkowata,Betula pendula,D376782,33,8,2001,1,AAKG9OAAFAAENZOAAJ,http://mapa.um.warszawa.pl/mvimages/san13/fig/752_fig_7405038_S1B_1_1.png,1,7514262.9469,5780896.7503
AAKG9OAAFAAENZOAAI,20.06.2014,Dzielnica Wawer,brzoza brodawkowata,Betula pendula,D376781,53,8,2001,1,AAKG9OAAFAAENZOAAI,http://mapa.um.warszawa.pl/mvimages/san13/fig/752_fig_7405038_S1C_1_1.png,1,7514264.746,5780897.4383
AAKG9OAAFAAENZOAAH,20.06.2014,Dzielnica Wawer,sumak octowiec,Rhus typhina,D376780,25,4,2001,1,AAKG9OAAFAAENZOAAH,http://mapa.um.warszawa.pl/mvimages/san13/fig/752_fig_7405038_S1B_1_1.png,1,7514270.0695,5780898.8671
AAKG9OAAFAAENZOAAG,20.06.2014,Dzielnica Wawer,sumak octowiec,Rhus typhina,D376779,"50, 42",5,2001,1,AAKG9OAAFAAENZOAAG,http://mapa.um.warszawa.pl/mvimages/san13/fig/752_fig_7405038_S1C_1_1.png,1,7514274.9908,5780899.8724
AAKG9OAAFAAENZOAAF,20.06.2014,Dzielnica Wawer,klon jesionolistny,Acer negundo,D376778,94,9,2001,1,AAKG9OAAFAAENZOAAF,http://mapa.um.warszawa.pl/mvimages/san13/fig/752_fig_7405038_S1C_1_1.png,1,7514301.7878,5780907.175
AAKG9OAAnAAHzEqAAN,20.06.2014,Dzielnica Wawer,robinia  sp.,Robinia  sp.,D384264,96,7,2001,1,AAKG9OAAnAAHzEqAAN,http://mapa.um.warszawa.pl/mvimages/san13/fig/752_fig_7405038_S1B_1_1.png,1,7514071.7308,5781457.8601
AAKG9OAAFAAENZ1AAB,20.06.2014,Dzielnica Wawer,jabłoń  sp.,Malus  sp.,D377245,43,6,2001,1,AAKG9OAAFAAENZ1AAB,http://mapa.um.warszawa.pl/mvimages/san13/fig/752_fig_7405038_S1F_1_1.png,1,7514071.3141,5781459.2538
AAKG9OAAFAAENZ1AAC,20.06.2014,Dzielnica Wawer,jabłoń  sp.,Malus  sp.,D377246,28,4,2001,1,AAKG9OAAFAAENZ1AAC,http://mapa.um.warszawa.pl/mvimages/san13/fig/752_fig_7405038_S1B_1_1.png,1,7514066.406,5781466.8606
AAKG9OAAFAAENZ1AAD,20.06.2014,Dzielnica Wawer,klon jesionolistny,Acer negundo,D377247,51,10,2001,1,AAKG9OAAFAAENZ1AAD,http://mapa.um.warszawa.pl/mvimages/san13/fig/752_fig_7405038_S1B_1_1.png,1,7514062.9664,5781472.9462
AAKG9OAAFAAENzcAAa,20.06.2014,Dzielnica Wawer,robinia  sp.,Robinia  sp.,D382730,76,14,2001,1,AAKG9OAAFAAENzcAAa,http://mapa.um.warszawa.pl/mvimages/san13/fig/752_fig_7405038_S14_1_1.png,1,7514254.6091,5781495.2455
AAKG9OAAFAAENzcAAb,20.06.2014,Dzielnica Wawer,sosna pospolita,Pinus sylvestris,D382731,132,18,2001,1,AAKG9OAAFAAENzcAAb,http://mapa.um.warszawa.pl/mvimages/san13/fig/752_fig_7405038_S1C_1_1.png,1,7514260.6415,5781496.3038
AAKG9OAAFAAENzcAAc,20.06.2014,Dzielnica Wawer,sosna pospolita,Pinus sylvestris,D382732,118,9,2001,1,AAKG9OAAFAAENzcAAc,http://mapa.um.warszawa.pl/mvimages/san13/fig/752_fig_7405038_S14_1_1.png,1,7514273.7649,5781499.373
AAKG9OAAFAAENZ1AAE,20.06.2014,Zarząd Zieleni m.st. Warszawy,sosna pospolita,Pinus sylvestris,D377248,130,13,2001,1,AAKG9OAAFAAENZ1AAE,http://mapa.um.warszawa.pl/mvimages/san13/fig/752_fig_7405038_S1C_1_1.png,1,7514037.0681,5781515.6366
AAKG9OAAFAAENZ1AAF,20.06.2014,Zarząd Zieleni m.st. Warszawy,sosna pospolita,Pinus sylvestris,D377249,195,11,2001,1,AAKG9OAAFAAENZ1AAF,http://mapa.um.warszawa.pl/mvimages/san13/fig/752_fig_7405038_S1C_1_1.png,1,7514033.139,5781522.0662
AAKG9OAAFAAENzQAAk,20.06.2014,Dzielnica Wawer,robinia  sp.,Robinia  sp.,D382718,"122, 105, 133",17,2001,2,AAKG9OAAFAAENzQAAk,http://mapa.um.warszawa.pl/mvimages/san13/fig/752_fig_7405038_S12_2_2.png,2,7514287.8724,5781529.1109
AAKG9OAAFAAENzQAAl,20.06.2014,Dzielnica Wawer,robinia  sp.,Robinia  sp.,D382719,"78, 89",16,2001,2,AAKG9OAAFAAENzQAAl,http://mapa.um.warszawa.pl/mvimages/san13/fig/752_fig_7405038_S15_2_2.png,2,7514286.2057,5781538.1597
AAKG9OAAFAAENzQAAm,20.06.2014,Dzielnica Wawer,robinia  sp.,Robinia  sp.,D382720,96,14,2001,1,AAKG9OAAFAAENzQAAm,http://mapa.um.warszawa.pl/mvimages/san13/fig/752_fig_7405038_S1F_1_1.png,1,7514285.6501,5781540.6203
AAKG9OAAFAAENzQAAn,20.06.2014,Dzielnica Wawer,robinia  sp.,Robinia  sp.,D382721,133,16,2001,2,AAKG9OAAFAAENzQAAn,http://mapa.um.warszawa.pl/mvimages/san13/fig/752_fig_7405038_S12_2_2.png,2,7514284.6182,5781544.8271
AAKG9OAAFAAENzQAAo,20.06.2014,Dzielnica Wawer,robinia  sp.,Robinia  sp.,D382722,145,16,2001,2,AAKG9OAAFAAENzQAAo,http://mapa.um.warszawa.pl/mvimages/san13/fig/752_fig_7405038_S15_2_2.png,2,7514285.3324,5781548.0815
AAKG9OAAFAAENZ1AAG,20.06.2014,Zarząd Zieleni m.st. Warszawy,grusza pospolita,Pyrus pyraster,D377250,78,5,2001,1,AAKG9OAAFAAENZ1AAG,http://mapa.um.warszawa.pl/mvimages/san13/fig/752_fig_7405038_S14_1_1.png,1,7514031.9087,5781550.791
AAKG9OAAFAAENzUAAA,20.06.2014,Dzielnica Wawer,robinia  sp.,Robinia  sp.,D382723,146,16,2001,3,AAKG9OAAFAAENzUAAA,http://mapa.um.warszawa.pl/mvimages/san13/fig/752_fig_7405038_S1G_3_3.png,3,7514284.2213,5781552.4471
AAKG9OAAFAAENzUAAB,20.06.2014,Dzielnica Wawer,robinia  sp.,Robinia  sp.,D382724,"136, 134",16,2001,2,AAKG9OAAFAAENzUAAB,http://mapa.um.warszawa.pl/mvimages/san13/fig/752_fig_7405038_S15_2_2.png,2,7514280.6494,5781563.3215
AAKG9OAAFAAENzUAAC,20.06.2014,Dzielnica Wawer,robinia  sp.,Robinia  sp.,D382725,102,13,2001,2,AAKG9OAAFAAENzUAAC,http://mapa.um.warszawa.pl/mvimages/san13/fig/752_fig_7405038_S11_2_2.png,2,7514279.8557,5781566.7347
AAKG9OAAFAAENzUAAD,20.06.2014,Dzielnica Wawer,robinia  sp.,Robinia  sp.,D382726,95,15,2001,2,AAKG9OAAFAAENzUAAD,http://mapa.um.warszawa.pl/mvimages/san13/fig/752_fig_7405038_S11_2_2.png,2,7514279.4587,5781567.846
AAKG9OAAFAAENzUAAE,20.06.2014,Dzielnica Wawer,robinia  sp.,Robinia  sp.,D382727,133,16,2001,2,AAKG9OAAFAAENzUAAE,http://mapa.um.warszawa.pl/mvimages/san13/fig/752_fig_7405038_S12_2_2.png,2,7514279.2207,5781569.9097
AAKG9OAAFAAENztAAR,20.06.2014,Dzielnica Wawer,jarząb szwedzki,Sorbus intermedia,D382338,"17, 21",4,2001,1,AAKG9OAAFAAENztAAR,http://mapa.um.warszawa.pl/mvimages/san13/fig/752_fig_7405038_S1F_1_1.png,1,7514273.1778,5781603.0871
AAKG9OAAFAAENztAAS,20.06.2014,Dzielnica Wawer,jarząb szwedzki,Sorbus intermedia,D382339,36,5,2001,1,AAKG9OAAFAAENztAAS,http://mapa.um.warszawa.pl/mvimages/san13/fig/752_fig_7405038_S1F_1_1.png,1,7514272.6221,5781605.905
AAKG9OAAFAAENztAAT,20.06.2014,Dzielnica Wawer,jarząb szwedzki,Sorbus intermedia,D382340,34,4,2001,1,AAKG9OAAFAAENztAAT,http://mapa.um.warszawa.pl/mvimages/san13/fig/752_fig_7405038_S1F_1_1.png,1,7514272.2252,5781608.3259
AAKG9OAAFAAENztAAU,20.06.2014,Dzielnica Wawer,jarząb szwedzki,Sorbus intermedia,D382341,"24, 21, 12",4,2001,1,AAKG9OAAFAAENztAAU,http://mapa.um.warszawa.pl/mvimages/san13/fig/752_fig_7405038_S1F_1_1.png,1,7514271.749,5781611.4215
AAKG9OAAFAAENztAAW,20.06.2014,Dzielnica Wawer,jarząb szwedzki,Sorbus intermedia,D382343,"31, 34",5,2001,1,AAKG9OAAFAAENztAAW,http://mapa.um.warszawa.pl/mvimages/san13/fig/752_fig_7405038_S1F_1_1.png,1,7514270.0821,5781618.6448
AAKG9OAAFAAENztAAV,20.06.2014,Dzielnica Wawer,jarząb szwedzki,Sorbus intermedia,D382342,"13, 15, 13, 14",3,2001,1,AAKG9OAAFAAENztAAV,http://mapa.um.warszawa.pl/mvimages/san13/fig/752_fig_7405038_S1F_1_1.png,1,7514269.209,5781621.4228
AAKG9OAAFAAENztAAX,20.06.2014,Dzielnica Wawer,wiśnia  sp.,Prunus  sp.(wiśnia),D382344,"80, 69, 93",16,2001,3,AAKG9OAAFAAENztAAX,http://mapa.um.warszawa.pl/mvimages/san13/fig/752_fig_7405038_S1G_3_3.png,3,7514268.0978,5781626.6615
AAKG9OAAFAAENzFAAQ,20.06.2014,Dzielnica Wawer,robinia  sp.,Robinia  sp.,D382316,117,14,2001,1,AAKG9OAAFAAENzFAAQ,http://mapa.um.warszawa.pl/mvimages/san13/fig/752_fig_7405038_S1C_1_1.png,1,7514106.6766,5781854.4102
AAKG9OAAFAAENzFAAP,20.06.2014,Dzielnica Wawer,klon pospolity,Acer platanoides,D382315,"29, 36",8,2001,1,AAKG9OAAFAAENzFAAP,http://mapa.um.warszawa.pl/mvimages/san13/fig/752_fig_7405038_S14_1_1.png,1,7514098.673,5781854.6085
AAKG9OAAFAAENzFAAU,20.06.2014,Dzielnica Wawer,robinia  sp.,Robinia  sp.,D382320,38,2,2001,1,AAKG9OAAFAAENzFAAU,http://mapa.um.warszawa.pl/mvimages/san13/fig/752_fig_7405038_S1E_1_1.png,1,7514108.1319,5781854.7408
AAKG9OAAFAAENzFAAT,20.06.2014,Dzielnica Wawer,robinia  sp.,Robinia  sp.,D382319,77,12,2001,1,AAKG9OAAFAAENzFAAT,http://mapa.um.warszawa.pl/mvimages/san13/fig/752_fig_7405038_S1C_1_1.png,1,7514109.7855,5781854.8731
AAKG9OAAFAAENZxAAl,20.06.2014,Zarząd Zieleni m.st. Warszawy,sosna pospolita,Pinus sylvestris,D377239,118,12,2001,1,AAKG9OAAFAAENZxAAl,http://mapa.um.warszawa.pl/mvimages/san13/fig/752_fig_7405038_S1B_1_1.png,1,7514113.1758,5781389.7938
AAKG9OAAFAAENZxAAj,20.06.2014,Zarząd Zieleni m.st. Warszawy,klon jesionolistny,Acer negundo,D377237,"73, 27",10,2001,1,AAKG9OAAFAAENZxAAj,http://mapa.um.warszawa.pl/mvimages/san13/fig/752_fig_7405038_S14_1_1.png,1,7514198.1337,5781390.0982
AAKG9OAAFAAENZxAAi,20.06.2014,Zarząd Zieleni m.st. Warszawy,klon jesionolistny,Acer negundo,D377236,62,9,2001,1,AAKG9OAAFAAENZxAAi,http://mapa.um.warszawa.pl/mvimages/san13/fig/752_fig_7405038_S14_1_1.png,1,7514196.1229,5781393.1013
AAKG9OAAnAAHxCbAAM,20.06.2014,Zarząd Zieleni m.st. Warszawy,klon jesionolistny,Acer negundo,D377235,42,8,2001,1,AAKG9OAAnAAHxCbAAM,http://mapa.um.warszawa.pl/mvimages/san13/fig/752_fig_7405038_S1F_1_1.png,1,7514189.9648,5781401.7333
AAKG9OAAnAAHxCbAAL,20.06.2014,Zarząd Zieleni m.st. Warszawy,klon pospolity,Acer platanoides,D377234,37,10,2001,1,AAKG9OAAnAAHxCbAAL,http://mapa.um.warszawa.pl/mvimages/san13/fig/752_fig_7405038_S1B_1_1.png,1,7514190.0308,5781403.8829
AAKG9OAAnAAHxCbAAK,20.06.2014,Zarząd Zieleni m.st. Warszawy,klon jesionolistny,Acer negundo,D377233,54,8,2001,1,AAKG9OAAnAAHxCbAAK,http://mapa.um.warszawa.pl/mvimages/san13/fig/752_fig_7405038_S14_1_1.png,1,7514188.0464,5781406.562
AAKG9OAAnAAHxCbAAJ,20.06.2014,Zarząd Zieleni m.st. Warszawy,klon jesionolistny,Acer negundo,D377232,32,8,2001,1,AAKG9OAAnAAHxCbAAJ,http://mapa.um.warszawa.pl/mvimages/san13/fig/752_fig_7405038_S1B_1_1.png,1,7514185.9298,5781408.1825
AAKG9OAAnAAHxCbAAI,20.06.2014,Zarząd Zieleni m.st. Warszawy,sosna pospolita,Pinus sylvestris,D377231,180,12,2001,1,AAKG9OAAnAAHxCbAAI,http://mapa.um.warszawa.pl/mvimages/san13/fig/752_fig_7405038_S14_1_1.png,1,7514186.2936,5781410.9276
AAKG9OAAFAAENZxAAm,20.06.2014,Dzielnica Wawer,dąb szypułkowy,Quercus robur,D377240,8,3,2001,1,AAKG9OAAFAAENZxAAm,http://mapa.um.warszawa.pl/mvimages/san13/fig/752_fig_7405038_S1E_1_1.png,1,7514088.8738,5781429.3294
AAKG9OAAFAAENZxAAn,20.06.2014,Dzielnica Wawer,dąb szypułkowy,Quercus robur,D377241,8,3,2001,1,AAKG9OAAFAAENZxAAn,http://mapa.um.warszawa.pl/mvimages/san13/fig/752_fig_7405038_S1E_1_1.png,1,7514087.6566,5781431.2741
AAKG9OAAFAAENZxAAo,20.06.2014,Dzielnica Wawer,dąb szypułkowy,Quercus robur,D377242,7,3,2001,1,AAKG9OAAFAAENZxAAo,http://mapa.um.warszawa.pl/mvimages/san13/fig/752_fig_7405038_S1E_1_1.png,1,7514086.6116,5781432.9145
AAKG9OAAFAAENZxAAp,20.06.2014,Dzielnica Wawer,dąb szypułkowy,Quercus robur,D377243,7,3,2001,1,AAKG9OAAFAAENZxAAp,http://mapa.um.warszawa.pl/mvimages/san13/fig/752_fig_7405038_S1E_1_1.png,1,7514084.5741,5781435.9396
AAKG9OAAFAAENZ1AAA,20.06.2014,Dzielnica Wawer,dąb szypułkowy,Quercus robur,D377244,7,3,2001,1,AAKG9OAAFAAENZ1AAA,http://mapa.um.warszawa.pl/mvimages/san13/fig/752_fig_7405038_S1E_1_1.png,1,7514083.7804,5781437.5933
AAKG9OAAnAAHzErAAO,20.06.2014,Dzielnica Wawer,klon jesionolistny,Acer negundo,D384387,121,10,2001,2,AAKG9OAAnAAHzErAAO,http://mapa.um.warszawa.pl/mvimages/san13/fig/752_fig_7405038_S11_2_2.png,2,7514007.3852,5781443.945
AAKG9OAAnAAHzEzAAh,20.06.2014,Dzielnica Wawer,robinia  sp.,Robinia  sp.,D384386,"42, 34, 32",10,2001,1,AAKG9OAAnAAHzEzAAh,http://mapa.um.warszawa.pl/mvimages/san13/fig/752_fig_7405038_S14_1_1.png,1,7514009.0615,5781444.5285
AAKG9OAAnAAHzEzAAg,20.06.2014,Dzielnica Wawer,robinia  sp.,Robinia  sp.,D384385,104,12,2001,2,AAKG9OAAnAAHzEzAAg,http://mapa.um.warszawa.pl/mvimages/san13/fig/752_fig_7405038_S15_2_2.png,2,7514023.1579,5781447.3748
AAKG9OAAnAAHzEzAAf,20.06.2014,Dzielnica Wawer,klon pospolity,Acer platanoides,D384384,100,12,2001,2,AAKG9OAAnAAHzEzAAf,http://mapa.um.warszawa.pl/mvimages/san13/fig/752_fig_7405038_S15_2_2.png,2,7514024.5695,5781447.5954
AAKG9OAAnAAHzEzAAe,20.06.2014,Dzielnica Wawer,klon pospolity,Acer platanoides,D384383,29,4,2001,1,AAKG9OAAnAAHzEzAAe,http://mapa.um.warszawa.pl/mvimages/san13/fig/752_fig_7405038_S1F_1_1.png,1,7514027.7604,5781448.255
AAKG9OAAnAAHzEzAAd,20.06.2014,Dzielnica Wawer,robinia  sp.,Robinia  sp.,D384382,60,7,2001,1,AAKG9OAAnAAHzEzAAd,http://mapa.um.warszawa.pl/mvimages/san13/fig/752_fig_7405038_S1F_1_1.png,1,7514028.7799,5781448.4143
AAKG9OAAnAAHzEzAAc,20.06.2014,Dzielnica Wawer,klon jesionolistny,Acer negundo,D384381,49,7,2001,1,AAKG9OAAnAAHzEzAAc,http://mapa.um.warszawa.pl/mvimages/san13/fig/752_fig_7405038_S1B_1_1.png,1,7514029.5396,5781448.6937
AAKG9OAAnAAHzEzAAb,20.06.2014,Dzielnica Wawer,robinia  sp.,Robinia  sp.,D384380,"189, 81",13,2001,2,AAKG9OAAnAAHzEzAAb,http://mapa.um.warszawa.pl/mvimages/san13/fig/752_fig_7405038_S12_2_2.png,2,7514048.6011,5781452.1555
AAKG9OAAnAAHzEzAAa,20.06.2014,Dzielnica Wawer,robinia  sp.,Robinia  sp.,D384379,108,10,2001,1,AAKG9OAAnAAHzEzAAa,http://mapa.um.warszawa.pl/mvimages/san13/fig/752_fig_7405038_S1B_1_1.png,1,7514053.4902,5781454.2856
AAKG9OAAnAAHzEzAAZ,20.06.2014,Dzielnica Wawer,robinia  sp.,Robinia  sp.,D384378,101,10,2001,1,AAKG9OAAnAAHzEzAAZ,http://mapa.um.warszawa.pl/mvimages/san13/fig/752_fig_7405038_S14_1_1.png,1,7514054.811,5781454.5724
AAKG9OAAnAAHzEzAAY,20.06.2014,Dzielnica Wawer,robinia  sp.,Robinia  sp.,D384377,113,12,2001,2,AAKG9OAAnAAHzEzAAY,http://mapa.um.warszawa.pl/mvimages/san13/fig/752_fig_7405038_S11_2_2.png,2,7514056.8917,5781455.1387
AAKG9OAAnAAHzEzAAX,20.06.2014,Dzielnica Wawer,robinia  sp.,Robinia  sp.,D384376,95,10,2001,1,AAKG9OAAnAAHzEzAAX,http://mapa.um.warszawa.pl/mvimages/san13/fig/752_fig_7405038_S14_1_1.png,1,7514057.9358,5781455.1413
AAKG9OAAnAAHzEzAAW,20.06.2014,Dzielnica Wawer,robinia  sp.,Robinia  sp.,D384375,103,8,2001,1,AAKG9OAAnAAHzEzAAW,http://mapa.um.warszawa.pl/mvimages/san13/fig/752_fig_7405038_S1B_1_1.png,1,7514059.9748,5781455.46
AAKG9OAAnAAHzEzAAV,20.06.2014,Dzielnica Wawer,robinia  sp.,Robinia  sp.,D384374,256,12,2001,2,AAKG9OAAnAAHzEzAAV,http://mapa.um.warszawa.pl/mvimages/san13/fig/752_fig_7405038_S15_2_2.png,2,7514061.1757,5781455.487
AAKG9OAAnAAHzEzAAU,20.06.2014,Dzielnica Wawer,klon  sp.,Acer  sp.,D384373,"38, 30",6,2001,1,AAKG9OAAnAAHzEzAAU,http://mapa.um.warszawa.pl/mvimages/san13/fig/752_fig_7405038_S14_1_1.png,1,7514063.8836,5781456.1513
AAKG9OAAnAAHzEzAAT,20.06.2014,Dzielnica Wawer,robinia  sp.,Robinia  sp.,D384372,83,7,2001,1,AAKG9OAAnAAHzEzAAT,http://mapa.um.warszawa.pl/mvimages/san13/fig/752_fig_7405038_S1C_1_1.png,1,7514065.5305,5781456.4088
AAKG9OAAnAAHzEzAAS,20.06.2014,Dzielnica Wawer,robinia  sp.,Robinia  sp.,D384371,76,10,2001,1,AAKG9OAAnAAHzEzAAS,http://mapa.um.warszawa.pl/mvimages/san13/fig/752_fig_7405038_S1F_1_1.png,1,7514067.991,5781457.1148
AAKG9OAAnAAHzEqAAO,20.06.2014,Dzielnica Wawer,robinia  sp.,Robinia  sp.,D384265,"139, 59",9,2001,1,AAKG9OAAnAAHzEqAAO,http://mapa.um.warszawa.pl/mvimages/san13/fig/752_fig_7405038_S1F_1_1.png,1,7514070.4099,5781457.5731
AAKG9OAAnAAHxCrAAY,20.06.2014,Dzielnica Wawer,robinia  sp.,Robinia  sp.,D377187,112,12,2001,1,AAKG9OAAnAAHxCrAAY,http://mapa.um.warszawa.pl/mvimages/san13/fig/752_fig_7405038_S14_1_1.png,1,7514003.0757,5781275.935
AAKG9OAAnAAHxCrAAX,20.06.2014,Dzielnica Wawer,sosna pospolita,Pinus sylvestris,D377186,20,3,2001,1,AAKG9OAAnAAHxCrAAX,http://mapa.um.warszawa.pl/mvimages/san13/fig/752_fig_7405038_S1E_1_1.png,1,7514014.7702,5781252.559
AAKG9OAAnAAHxCrAAW,20.06.2014,Dzielnica Wawer,sosna pospolita,Pinus sylvestris,D377185,22,3,2001,1,AAKG9OAAnAAHxCrAAW,http://mapa.um.warszawa.pl/mvimages/san13/fig/752_fig_7405038_S1E_1_1.png,1,7514015.4052,5781251.6064
AAKG9OAAnAAHxCrAAU,20.06.2014,Dzielnica Wawer,klon jesionolistny,Acer negundo,D377183,"55, 42, 40, 30, 39",7,2001,2,AAKG9OAAnAAHxCrAAU,http://mapa.um.warszawa.pl/mvimages/san13/fig/752_fig_7405038_S11_2_2.png,2,7514036.3375,5781216.0908
AAKG9OAAnAAHxCrAAV,20.06.2014,Dzielnica Wawer,robinia  sp.,Robinia  sp.,D377184,"19, 12",4,2001,1,AAKG9OAAnAAHxCrAAV,http://mapa.um.warszawa.pl/mvimages/san13/fig/752_fig_7405038_S1F_1_1.png,1,7514043.3083,5781343.3643
AAKG9OAAnAAHxCrAAT,20.06.2014,Dzielnica Wawer,sosna pospolita,Pinus sylvestris,D377182,178,9,2001,2,AAKG9OAAnAAHxCrAAT,http://mapa.um.warszawa.pl/mvimages/san13/fig/752_fig_7405038_S11_2_2.png,2,7514045.9684,5781200.5862
AAKG9OAAnAAHxCrAAH,20.06.2014,Dzielnica Wawer,jabłoń  sp.,Malus  sp.,D377170,73,6,2001,1,AAKG9OAAnAAHxCrAAH,http://mapa.um.warszawa.pl/mvimages/san13/fig/752_fig_7405038_S14_1_1.png,1,7514067.9494,5781337.1515
AAKG9OAAnAAHxCrAAR,20.06.2014,Dzielnica Wawer,robinia  sp.,Robinia  sp.,D377180,163,15,2001,1,AAKG9OAAnAAHxCrAAR,http://mapa.um.warszawa.pl/mvimages/san13/fig/752_fig_7405038_S1C_1_1.png,1,7514074.3758,5781156.4492
AAKG9OAAnAAHxCrAAS,20.06.2014,Dzielnica Wawer,robinia  sp.,Robinia  sp.,D377181,160,15,2001,1,AAKG9OAAnAAHxCrAAS,http://mapa.um.warszawa.pl/mvimages/san13/fig/752_fig_7405038_S1C_1_1.png,1,7514076.3867,5781156.555
AAKG9OAAnAAHxCrAAQ,20.06.2014,Dzielnica Wawer,robinia  sp.,Robinia  sp.,D377179,64,13,2001,1,AAKG9OAAnAAHxCrAAQ,http://mapa.um.warszawa.pl/mvimages/san13/fig/752_fig_7405038_S1C_1_1.png,1,7514078.6621,5781149.5171
AAKG9OAAnAAHxCrAAP,20.06.2014,Dzielnica Wawer,klon jesionolistny,Acer negundo,D377178,"106, 215, 78",14,2001,2,AAKG9OAAnAAHxCrAAP,http://mapa.um.warszawa.pl/mvimages/san13/fig/752_fig_7405038_S15_2_2.png,2,7514080.0379,5781148.3
AAKG9OAAnAAHxCrAAI,20.06.2014,Dzielnica Wawer,robinia  sp.,Robinia  sp.,D377171,139,12,2001,2,AAKG9OAAnAAHxCrAAI,http://mapa.um.warszawa.pl/mvimages/san13/fig/752_fig_7405038_S15_2_2.png,2,7514083.0836,5781292.7014
AAKG9OAAnAAHxCrAAN,20.06.2014,Dzielnica Wawer,robinia  sp.,Robinia  sp.,D377176,20,4,2001,1,AAKG9OAAnAAHxCrAAN,http://mapa.um.warszawa.pl/mvimages/san13/fig/752_fig_7405038_S1F_1_1.png,1,7514087.0097,5781140.799
AAKG9OAAnAAHxCrAAO,20.06.2014,Dzielnica Wawer,robinia  sp.,Robinia  sp.,D377177,122,14,2001,1,AAKG9OAAnAAHxCrAAO,http://mapa.um.warszawa.pl/mvimages/san13/fig/752_fig_7405038_S14_1_1.png,1,7514088.1607,5781140.0846
AAKG9OAAnAAHxCrAAG,20.06.2014,Dzielnica Wawer,robinia  sp.,Robinia  sp.,D377169,143,10,2001,1,AAKG9OAAnAAHxCrAAG,http://mapa.um.warszawa.pl/mvimages/san13/fig/752_fig_7405038_S1B_1_1.png,1,7514092.9792,5781343.8719
AAKG9OAAnAAHxCrAAF,20.06.2014,Dzielnica Wawer,sosna pospolita,Pinus sylvestris,D377168,145,13,2001,1,AAKG9OAAnAAHxCrAAF,http://mapa.um.warszawa.pl/mvimages/san13/fig/752_fig_7405038_S1B_1_1.png,1,7514100.5992,5781345.2477
AAKG9OAAFAAENzgAAk,20.06.2014,Dzielnica Wawer,wierzba  sp.,Salix  sp.,D383322,70,10,2001,2,AAKG9OAAFAAENzgAAk,http://mapa.um.warszawa.pl/mvimages/san13/fig/752_fig_7405038_S12_2_2.png,2,7514112.1448,5781130.2599
AAKG9OAAnAAHxCzAAX,20.06.2014,Dzielnica Wawer,sosna pospolita,Pinus sylvestris,D377167,120,15,2001,1,AAKG9OAAnAAHxCzAAX,http://mapa.um.warszawa.pl/mvimages/san13/fig/752_fig_7405038_S1B_1_1.png,1,7514112.8969,5781347.5231
AAKG9OAAFAAENzgAAj,20.06.2014,Dzielnica Wawer,wierzba  sp.,Salix  sp.,D383321,68,2,2001,1,AAKG9OAAFAAENzgAAj,http://mapa.um.warszawa.pl/mvimages/san13/fig/752_fig_7405038_S1B_1_1.png,1,7514114.4455,5781131.0622
AAKG9OAAnAAHxCrAAJ,20.06.2014,Dzielnica Wawer,sosna pospolita,Pinus sylvestris,D377172,170,8,2001,1,AAKG9OAAnAAHxCrAAJ,http://mapa.um.warszawa.pl/mvimages/san13/fig/752_fig_7405038_S1C_1_1.png,1,7514116.4443,5781241.233
AAKG9OAAnAAHxCzAAW,20.06.2014,Dzielnica Wawer,brzoza brodawkowata,Betula pendula,D377166,30,7,2001,1,AAKG9OAAnAAHxCzAAW,http://mapa.um.warszawa.pl/mvimages/san13/fig/752_fig_7405038_S1F_1_1.png,1,7514131.4178,5781350.2748
AAKG9OAAnAAHxCzAAV,20.06.2014,Dzielnica Wawer,brzoza brodawkowata,Betula pendula,D377165,46,7,2001,1,AAKG9OAAnAAHxCzAAV,http://mapa.um.warszawa.pl/mvimages/san13/fig/752_fig_7405038_S1F_1_1.png,1,7514132.635,5781350.4336
AAKG9OAAFAAENzkAAA,20.06.2014,Dzielnica Wawer,robinia  sp.,Robinia  sp.,D383327,99,9,2001,2,AAKG9OAAFAAENzkAAA,http://mapa.um.warszawa.pl/mvimages/san13/fig/752_fig_7405038_S15_2_2.png,2,7514141.48,5781136.2615
AAKG9OAAnAAHxCbAAH,20.06.2014,Zarząd Zieleni m.st. Warszawy,sosna pospolita,Pinus sylvestris,D377230,86,13,2001,1,AAKG9OAAnAAHxCbAAH,http://mapa.um.warszawa.pl/mvimages/san13/fig/752_fig_7405038_S1B_1_1.png,1,7514144.7369,5781337.0734
AAKG9OAAnAAHxCrAAK,20.06.2014,Dzielnica Wawer,klon jesionolistny,Acer negundo,D377173,54,10,2001,1,AAKG9OAAnAAHxCrAAK,http://mapa.um.warszawa.pl/mvimages/san13/fig/752_fig_7405038_S1B_1_1.png,1,7514151.0073,5781189.9759
AAKG9OAAnAAHxCbAAG,20.06.2014,Zarząd Zieleni m.st. Warszawy,klon pospolity,Acer platanoides,D377229,46,8,2001,1,AAKG9OAAnAAHxCbAAG,http://mapa.um.warszawa.pl/mvimages/san13/fig/752_fig_7405038_S1B_1_1.png,1,7514151.6427,5781354.5757
AAKG9OAAnAAHxCbAAC,20.06.2014,Zarząd Zieleni m.st. Warszawy,sosna pospolita,Pinus sylvestris,D377225,132,13,2001,1,AAKG9OAAnAAHxCbAAC,http://mapa.um.warszawa.pl/mvimages/san13/fig/752_fig_7405038_S14_1_1.png,1,7514152.939,5781323.831
AAKG9OAAnAAHxCrAAL,20.06.2014,Dzielnica Wawer,klon jesionolistny,Acer negundo,D377174,67,11,2001,1,AAKG9OAAnAAHxCrAAL,http://mapa.um.warszawa.pl/mvimages/san13/fig/752_fig_7405038_S14_1_1.png,1,7514153.4215,5781189.9428
AAKG9OAAnAAHxCbAAF,20.06.2014,Zarząd Zieleni m.st. Warszawy,klon pospolity,Acer platanoides,D377228,52,7,2001,1,AAKG9OAAnAAHxCbAAF,http://mapa.um.warszawa.pl/mvimages/san13/fig/752_fig_7405038_S1C_1_1.png,1,7514155.3996,5781347.8287
AAKG9OAAnAAHxCbAAE,20.06.2014,Zarząd Zieleni m.st. Warszawy,klon  sp.,Acer  sp.,D377227,29,6,2001,1,AAKG9OAAnAAHxCbAAE,http://mapa.um.warszawa.pl/mvimages/san13/fig/752_fig_7405038_S1F_1_1.png,1,7514158.6276,5781341.9021
AAKG9OAAFAAENzgAAo,20.06.2014,Dzielnica Wawer,jabłoń  sp.,Malus  sp.,D383326,"21, 27, 33",5,2001,1,AAKG9OAAFAAENzgAAo,http://mapa.um.warszawa.pl/mvimages/san13/fig/752_fig_7405038_S14_1_1.png,1,7514158.7515,5781178.8234
AAKG9OAAFAAENzvAAW,20.06.2014,Zarząd Zieleni m.st. Warszawy,robinia  sp.,Robinia  sp.,D383178,237,16,2001,2,AAKG9OAAFAAENzvAAW,http://mapa.um.warszawa.pl/mvimages/san13/fig/752_fig_7405038_S15_2_2.png,2,7514081.6743,5780704.2545
AAKG9OAAFAAENzjAAZ,20.06.2014,Dzielnica Wawer,robinia  sp.,Robinia  sp.,D383159,"32, 26",7,2001,2,AAKG9OAAFAAENzjAAZ,http://mapa.um.warszawa.pl/mvimages/san13/fig/752_fig_7405038_S15_2_2.png,2,7514185.4357,5780704.6369
AAKG9OAAFAAENzvAAX,20.06.2014,Zarząd Zieleni m.st. Warszawy,klon  sp.,Acer  sp.,D383179,84,13,2001,3,AAKG9OAAFAAENzvAAX,http://mapa.um.warszawa.pl/mvimages/san13/fig/752_fig_7405038_S1A_3_3.png,3,7514096.6994,5780708.2141
AAKG9OAAFAAENzvAAQ,20.06.2014,Zarząd Zieleni m.st. Warszawy,topola  sp.,Populus  sp.,D383172,188,18,2001,3,AAKG9OAAFAAENzvAAQ,http://mapa.um.warszawa.pl/mvimages/san13/fig/752_fig_7405038_S10_3_3.png,3,7514104.681,5780710.555
AAKG9OAAFAAENzvAAP,20.06.2014,Zarząd Zieleni m.st. Warszawy,klon  sp.,Acer  sp.,D383171,27,5,2001,1,AAKG9OAAFAAENzvAAP,http://mapa.um.warszawa.pl/mvimages/san13/fig/752_fig_7405038_S1B_1_1.png,1,7514111.8964,5780712.4792
AAKG9OAAFAAENzvAAO,20.06.2014,Zarząd Zieleni m.st. Warszawy,klon  sp.,Acer  sp.,D383170,32,6,2001,1,AAKG9OAAFAAENzvAAO,http://mapa.um.warszawa.pl/mvimages/san13/fig/752_fig_7405038_S1B_1_1.png,1,7514115.3303,5780713.6434
AAKG9OAAFAAENzFAAR,20.06.2014,Dzielnica Wawer,robinia  sp.,Robinia  sp.,D382317,76,14,2001,1,AAKG9OAAFAAENzFAAR,http://mapa.um.warszawa.pl/mvimages/san13/fig/752_fig_7405038_S1B_1_1.png,1,7514113.2913,5781855.4024
AAKG9OAAFAAENzFAAS,20.06.2014,Dzielnica Wawer,robinia  sp.,Robinia  sp.,D382318,94,13,2001,1,AAKG9OAAFAAENzFAAS,http://mapa.um.warszawa.pl/mvimages/san13/fig/752_fig_7405038_S1B_1_1.png,1,7514115.0772,5781855.7331
AAKG9OAAFAAENzFAAO,20.06.2014,Dzielnica Wawer,robinia  sp.,Robinia  sp.,D382314,26,7,2001,1,AAKG9OAAFAAENzFAAO,http://mapa.um.warszawa.pl/mvimages/san13/fig/752_fig_7405038_S1E_1_1.png,1,7514135.3841,5781858.3789
AAKG9OAAFAAENztAAI,20.06.2014,Zarząd Zieleni m.st. Warszawy,robinia  sp.,Robinia  sp.,D382328,29,6,2001,1,AAKG9OAAFAAENztAAI,http://mapa.um.warszawa.pl/mvimages/san13/fig/752_fig_7405038_S1B_1_1.png,1,7513904.2171,5781867.7892
AAKG9OAAFAAENztAAH,20.06.2014,Zarząd Zieleni m.st. Warszawy,klon  sp.,Acer  sp.,D382327,25,5,2001,1,AAKG9OAAFAAENztAAH,http://mapa.um.warszawa.pl/mvimages/san13/fig/752_fig_7405038_S1F_1_1.png,1,7513898.3434,5781878.1874
AAKG9OAAFAAENztAAG,20.06.2014,Zarząd Zieleni m.st. Warszawy,klon  sp.,Acer  sp.,D382326,34,5,2001,1,AAKG9OAAFAAENztAAG,http://mapa.um.warszawa.pl/mvimages/san13/fig/752_fig_7405038_S1B_1_1.png,1,7513896.1208,5781880.1717
AAKG9OAAFAAENztAAE,20.06.2014,Dzielnica Wawer,klon jesionolistny,Acer negundo,D382324,23,4,2001,1,AAKG9OAAFAAENztAAE,http://mapa.um.warszawa.pl/mvimages/san13/fig/752_fig_7405038_S1B_1_1.png,1,7513898.0257,5781886.4425
AAKG9OAAFAAENzFAAE,20.06.2014,Dzielnica Wawer,klon jesionolistny,Acer negundo,D382304,75,8,2001,2,AAKG9OAAFAAENzFAAE,http://mapa.um.warszawa.pl/mvimages/san13/fig/752_fig_7405038_S11_2_2.png,2,7514233.8885,5781892.5676
AAKG9OAAFAAENzFAAV,20.06.2014,Dzielnica Wawer,klon jesionolistny,Acer negundo,D382321,24,3,2001,1,AAKG9OAAFAAENzFAAV,http://mapa.um.warszawa.pl/mvimages/san13/fig/752_fig_7405038_S1B_1_1.png,1,7513909.1383,5781893.3481
AAKG9OAAFAAENzFAAD,20.06.2014,Dzielnica Wawer,sosna pospolita,Pinus sylvestris,D382303,134,13,2001,2,AAKG9OAAFAAENzFAAD,http://mapa.um.warszawa.pl/mvimages/san13/fig/752_fig_7405038_S12_2_2.png,2,7514230.1579,5781893.3613
AAKG9OAAFAAENzFAAF,20.06.2014,Dzielnica Wawer,klon jesionolistny,Acer negundo,D382305,53,8,2001,2,AAKG9OAAFAAENzFAAF,http://mapa.um.warszawa.pl/mvimages/san13/fig/752_fig_7405038_S11_2_2.png,2,7514227.7766,5781898.8382
AAKG9OAAFAAENzFAAG,20.06.2014,Dzielnica Wawer,sosna pospolita,Pinus sylvestris,D382306,"80, 73",13,2001,2,AAKG9OAAFAAENzFAAG,http://mapa.um.warszawa.pl/mvimages/san13/fig/752_fig_7405038_S11_2_2.png,2,7514231.9836,5781899.3145
AAKG9OAAFAAENzFAAI,20.06.2014,Dzielnica Wawer,sosna pospolita,Pinus sylvestris,D382308,102,14,2001,2,AAKG9OAAFAAENzFAAI,http://mapa.um.warszawa.pl/mvimages/san13/fig/752_fig_7405038_S11_2_2.png,2,7514234.4442,5781900.267
AAKG9OAAFAAENzFAAH,20.06.2014,Dzielnica Wawer,sosna pospolita,Pinus sylvestris,D382307,105,13,2001,2,AAKG9OAAFAAENzFAAH,http://mapa.um.warszawa.pl/mvimages/san13/fig/752_fig_7405038_S15_2_2.png,2,7514235.238,5781901.0607
AAKG9OAAFAAENzFAAJ,20.06.2014,Dzielnica Wawer,sosna pospolita,Pinus sylvestris,D382309,109,13,2001,2,AAKG9OAAFAAENzFAAJ,http://mapa.um.warszawa.pl/mvimages/san13/fig/752_fig_7405038_S15_2_2.png,2,7514234.7617,5781904.8708
AAKG9OAAFAAENzFAAN,20.06.2014,Dzielnica Wawer,sosna pospolita,Pinus sylvestris,D382313,119,13,2001,2,AAKG9OAAFAAENzFAAN,http://mapa.um.warszawa.pl/mvimages/san13/fig/752_fig_7405038_S11_2_2.png,2,7514232.8566,5781905.7439
AAKG9OAAFAAENzFAAK,20.06.2014,Dzielnica Wawer,sosna pospolita,Pinus sylvestris,D382310,70,10,2001,1,AAKG9OAAFAAENzFAAK,http://mapa.um.warszawa.pl/mvimages/san13/fig/752_fig_7405038_S1B_1_1.png,1,7514227.3004,5781906.0614
AAKG9OAAFAAENzFAAL,20.06.2014,Dzielnica Wawer,sosna pospolita,Pinus sylvestris,D382311,"100, 72",13,2001,1,AAKG9OAAFAAENzFAAL,http://mapa.um.warszawa.pl/mvimages/san13/fig/752_fig_7405038_S1C_1_1.png,1,7514226.3478,5781907.0138
AAKG9OAAFAAENzFAAM,20.06.2014,Dzielnica Wawer,sosna pospolita,Pinus sylvestris,D382312,83,13,2001,1,AAKG9OAAFAAENzFAAM,http://mapa.um.warszawa.pl/mvimages/san13/fig/752_fig_7405038_S1C_1_1.png,1,7514234.5236,5781908.9982
AAKG9OAAFAAENzFAAC,20.06.2014,Dzielnica Wawer,sosna pospolita,Pinus sylvestris,D382302,115,14,2001,2,AAKG9OAAFAAENzFAAC,http://mapa.um.warszawa.pl/mvimages/san13/fig/752_fig_7405038_S12_2_2.png,2,7514224.4562,5781922.8029
AAKG9OAAFAAENzFAAB,20.06.2014,Dzielnica Wawer,sosna pospolita,Pinus sylvestris,D382301,68,11,2001,1,AAKG9OAAFAAENzFAAB,http://mapa.um.warszawa.pl/mvimages/san13/fig/752_fig_7405038_S1C_1_1.png,1,7514223.6624,5781924.5888
AAKG9OAAFAAENy5AAQ,20.06.2014,Dzielnica Wawer,klon jesionolistny,Acer negundo,D381895,"99, 74",11,2001,2,AAKG9OAAFAAENy5AAQ,http://mapa.um.warszawa.pl/mvimages/san13/fig/752_fig_7405038_S15_2_2.png,2,7514162.0071,5782021.6683
AAKG9OAAFAAENy5AAR,20.06.2014,Dzielnica Wawer,klon jesionolistny,Acer negundo,D381896,239,12,2001,3,AAKG9OAAFAAENy5AAR,http://mapa.um.warszawa.pl/mvimages/san13/fig/752_fig_7405038_S1G_3_3.png,3,7514159.4283,5782026.038
AAKG9OAAFAAENy5AAP,20.06.2014,Dzielnica Wawer,sosna pospolita,Pinus sylvestris,D381893,148,15,2001,1,AAKG9OAAFAAENy5AAP,http://mapa.um.warszawa.pl/mvimages/san13/fig/752_fig_7405038_S14_1_1.png,1,7514173.3615,5782035.4582
AAKG9OAAFAAENy5AAO,20.06.2014,Dzielnica Wawer,choina kanadyjska,Tsuga canadensis,D381892,21,4,2001,1,AAKG9OAAFAAENy5AAO,http://mapa.um.warszawa.pl/mvimages/san13/fig/752_fig_7405038_S1F_1_1.png,1,7514177.3137,5782045.9236
AAKG9OAAFAAENy5AAS,20.06.2014,Dzielnica Wawer,sosna pospolita,Pinus sylvestris,D381897,"10, 9",2,2001,1,AAKG9OAAFAAENy5AAS,http://mapa.um.warszawa.pl/mvimages/san13/fig/752_fig_7405038_S1E_1_1.png,1,7514158.7119,5782046.9199
AAKG9OAAFAAENy5AAT,20.06.2014,Dzielnica Wawer,lipa drobnolistna,Tilia cordata,D381898,111,14,2001,2,AAKG9OAAFAAENy5AAT,http://mapa.um.warszawa.pl/mvimages/san13/fig/752_fig_7405038_S15_2_2.png,2,7514155.8822,5782051.3972
AAKG9OAAFAAENzFAAA,20.06.2014,Dzielnica Wawer,lipa  sp.,Tilia  sp.,D382299,113,14,2001,2,AAKG9OAAFAAENzFAAA,http://mapa.um.warszawa.pl/mvimages/san13/fig/752_fig_7405038_S15_2_2.png,2,7514138.9392,5782058.5252
AAKG9OAAFAAENy5AAN,20.06.2014,Dzielnica Wawer,grusza  sp.,Pyrus  sp.,D381891,109,12,2001,2,AAKG9OAAFAAENy5AAN,http://mapa.um.warszawa.pl/mvimages/san13/fig/752_fig_7405038_S12_2_2.png,2,7514214.5008,5782061.2827
AAKG9OAAFAAENzBAAl,20.06.2014,Dzielnica Wawer,lipa drobnolistna,Tilia cordata,D382298,129,14,2001,2,AAKG9OAAFAAENzBAAl,http://mapa.um.warszawa.pl/mvimages/san13/fig/752_fig_7405038_S15_2_2.png,2,7514146.6782,5782063.4862
AAKG9OAAnAAHzFVAAW,20.06.2014,Dzielnica Wawer,lipa drobnolistna,Tilia cordata,D379568,171,18,2001,2,AAKG9OAAnAAHzFVAAW,http://mapa.um.warszawa.pl/mvimages/san13/fig/752_fig_7405038_S12_2_2.png,2,7513896.0673,5782064.0036
AAKG9OAAnAAHzErAAg,20.06.2014,Dzielnica Wawer,sosna pospolita,Pinus sylvestris,D384405,19,3,2001,1,AAKG9OAAnAAHzErAAg,http://mapa.um.warszawa.pl/mvimages/san13/fig/752_fig_7405038_S1F_1_1.png,1,7513742.8206,5781275.7506
AAKG9OAAnAAHxCzAAU,20.06.2014,Dzielnica Wawer,jarząb pospolity ,Sorbus aucuparia,D377164,35,5,2001,1,AAKG9OAAnAAHxCzAAU,http://mapa.um.warszawa.pl/mvimages/san13/fig/752_fig_7405038_S1B_1_1.png,1,7513845.8406,5781292.6594
AAKG9OAAnAAHxCzAAO,20.06.2014,Dzielnica Wawer,brzoza brodawkowata,Betula pendula,D377158,59,6,2001,1,AAKG9OAAnAAHxCzAAO,http://mapa.um.warszawa.pl/mvimages/san13/fig/752_fig_7405038_S1B_1_1.png,1,7513867.3499,5781297.6222
AAKG9OAAnAAHxCzAAP,20.06.2014,Dzielnica Wawer,brzoza brodawkowata,Betula pendula,D377159,56,6,2001,1,AAKG9OAAnAAHxCzAAP,http://mapa.um.warszawa.pl/mvimages/san13/fig/752_fig_7405038_S1B_1_1.png,1,7513870.6903,5781297.953
AAKG9OAAnAAHxCzAAQ,20.06.2014,Dzielnica Wawer,surmia  sp.,Catalpa  sp.,D377160,71,6,2001,1,AAKG9OAAnAAHxCzAAQ,http://mapa.um.warszawa.pl/mvimages/san13/fig/752_fig_7405038_S1B_1_1.png,1,7513880.6453,5781300.1358
AAKG9OAAnAAHxCzAAR,20.06.2014,Dzielnica Wawer,surmia  sp.,Catalpa  sp.,D377161,49,5,2001,1,AAKG9OAAnAAHxCzAAR,http://mapa.um.warszawa.pl/mvimages/san13/fig/752_fig_7405038_S1B_1_1.png,1,7513884.1841,5781300.7973
AAKG9OAAnAAHxCzAAS,20.06.2014,Dzielnica Wawer,sosna pospolita,Pinus sylvestris,D377162,158,7,2001,1,AAKG9OAAnAAHxCzAAS,http://mapa.um.warszawa.pl/mvimages/san13/fig/752_fig_7405038_S14_1_1.png,1,7513902.7154,5781313.6885
AAKG9OAAnAAHxCzAAT,20.06.2014,Dzielnica Wawer,klon  sp.,Acer  sp.,D377163,67,5,2001,1,AAKG9OAAnAAHxCzAAT,http://mapa.um.warszawa.pl/mvimages/san13/fig/752_fig_7405038_S1B_1_1.png,1,7513907.081,5781314.3236
AAKG9OAAnAAHzErAAP,20.06.2014,Dzielnica Wawer,robinia  sp.,Robinia  sp.,D384388,39,7,2001,1,AAKG9OAAnAAHzErAAP,http://mapa.um.warszawa.pl/mvimages/san13/fig/752_fig_7405038_S1F_1_1.png,1,7513965.8666,5781329.2759
AAKG9OAAnAAHzErAAQ,20.06.2014,Dzielnica Wawer,robinia  sp.,Robinia  sp.,D384389,39,7,2001,1,AAKG9OAAnAAHzErAAQ,http://mapa.um.warszawa.pl/mvimages/san13/fig/752_fig_7405038_S1F_1_1.png,1,7513965.8757,5781331.1271
AAKG9OAAnAAHzErAAR,20.06.2014,Dzielnica Wawer,sosna pospolita,Pinus sylvestris,D384390,148,12,2001,1,AAKG9OAAnAAHzErAAR,http://mapa.um.warszawa.pl/mvimages/san13/fig/752_fig_7405038_S1C_1_1.png,1,7513964.0425,5781334.8389
AAKG9OAAnAAHzErAAS,20.06.2014,Dzielnica Wawer,robinia  sp.,Robinia  sp.,D384391,105,13,2001,1,AAKG9OAAnAAHzErAAS,http://mapa.um.warszawa.pl/mvimages/san13/fig/752_fig_7405038_S1C_1_1.png,1,7513959.4629,5781341.105
AAKG9OAAnAAHzErAAT,20.06.2014,Dzielnica Wawer,klon pospolity,Acer platanoides,D384392,43,12,2001,1,AAKG9OAAnAAHzErAAT,http://mapa.um.warszawa.pl/mvimages/san13/fig/752_fig_7405038_S14_1_1.png,1,7513960.4302,5781342.1713
AAKG9OAAnAAHzErAAU,20.06.2014,Dzielnica Wawer,robinia  sp.,Robinia  sp.,D384393,119,12,2001,1,AAKG9OAAnAAHzErAAU,http://mapa.um.warszawa.pl/mvimages/san13/fig/752_fig_7405038_S1B_1_1.png,1,7513958.389,5781344.1597
AAKG9OAAnAAHzErAAV,20.06.2014,Dzielnica Wawer,robinia  sp.,Robinia  sp.,D384394,107,13,2001,1,AAKG9OAAnAAHzErAAV,http://mapa.um.warszawa.pl/mvimages/san13/fig/752_fig_7405038_S1C_1_1.png,1,7513955.6885,5781348.7105
AAKG9OAAnAAHzErAAW,20.06.2014,Dzielnica Wawer,klon pospolity,Acer platanoides,D384395,57,12,2001,1,AAKG9OAAnAAHzErAAW,http://mapa.um.warszawa.pl/mvimages/san13/fig/752_fig_7405038_S1F_1_1.png,1,7513954.1874,5781349.7888
AAKG9OAAnAAHzErAAX,20.06.2014,Dzielnica Wawer,klon  sp.,Acer  sp.,D384396,82,13,2001,1,AAKG9OAAnAAHzErAAX,http://mapa.um.warszawa.pl/mvimages/san13/fig/752_fig_7405038_S14_1_1.png,1,7513952.0642,5781353.5745
AAKG9OAAnAAHzErAAY,20.06.2014,Dzielnica Wawer,robinia  sp.,Robinia  sp.,D384397,136,12,2001,1,AAKG9OAAnAAHzErAAY,http://mapa.um.warszawa.pl/mvimages/san13/fig/752_fig_7405038_S1C_1_1.png,1,7513953.4691,5781373.6057
AAKG9OAAnAAHzErAAc,20.06.2014,Dzielnica Wawer,świerk pospolity,Picea abies,D384401,62,9,2001,1,AAKG9OAAnAAHzErAAc,http://mapa.um.warszawa.pl/mvimages/san13/fig/752_fig_7405038_S1C_1_1.png,1,7513946.3642,5781379.358
AAKG9OAAnAAHzErAAZ,20.06.2014,Dzielnica Wawer,klon  sp.,Acer  sp.,D384398,153,15,2001,2,AAKG9OAAnAAHzErAAZ,http://mapa.um.warszawa.pl/mvimages/san13/fig/752_fig_7405038_S15_2_2.png,2,7513942.4885,5781381.1194
AAKG9OAAnAAHzErAAe,20.06.2014,Dzielnica Wawer,klon jesionolistny,Acer negundo,D384403,"78, 77",9,2001,1,AAKG9OAAnAAHzErAAe,http://mapa.um.warszawa.pl/mvimages/san13/fig/752_fig_7405038_S1C_1_1.png,1,7513755.5894,5781383.6201
AAKG9OAAnAAHzErAAa,20.06.2014,Dzielnica Wawer,klon pospolity,Acer platanoides,D384399,145,15,2001,2,AAKG9OAAnAAHzErAAa,http://mapa.um.warszawa.pl/mvimages/san13/fig/752_fig_7405038_S15_2_2.png,2,7513940.9224,5781383.7589
AAKG9OAAnAAHzErAAf,20.06.2014,Dzielnica Wawer,śliwa domowa,Prunus domestica,D384404,"43, 23",4,2001,1,AAKG9OAAnAAHzErAAf,http://mapa.um.warszawa.pl/mvimages/san13/fig/752_fig_7405038_S14_1_1.png,1,7513751.7775,5781385.3773
AAKG9OAAnAAHzErAAb,20.06.2014,Dzielnica Wawer,robinia  sp.,Robinia  sp.,D384400,187,11,2001,2,AAKG9OAAnAAHzErAAb,http://mapa.um.warszawa.pl/mvimages/san13/fig/752_fig_7405038_S11_2_2.png,2,7513932.022,5781386.1076
AAKG9OAAFAAENZPAAh,20.06.2014,Dzielnica Wawer,sosna pospolita,Pinus sylvestris,D375551,103,13,2001,1,AAKG9OAAFAAENZPAAh,http://mapa.um.warszawa.pl/mvimages/san13/fig/752_fig_7405038_S14_1_1.png,1,7513596.9703,5781404.4676
AAKG9OAAFAAENZPAAg,20.06.2014,Dzielnica Wawer,kasztanowiec pospolity,Aesculus hippocastanum,D375550,171,12,2001,2,AAKG9OAAFAAENZPAAg,http://mapa.um.warszawa.pl/mvimages/san13/fig/752_fig_7405038_S11_2_2.png,2,7513601.2271,5781405.335
AAKG9OAAFAAENZPAAj,20.06.2014,Dzielnica Wawer,klon pospolity,Acer platanoides,D375553,59,7,2001,1,AAKG9OAAFAAENZPAAj,http://mapa.um.warszawa.pl/mvimages/san13/fig/752_fig_7405038_S1B_1_1.png,1,7513584.7326,5781406.7652
AAKG9OAAFAAENZPAAi,20.06.2014,Dzielnica Wawer,klon pospolity,Acer platanoides,D375552,60,7,2001,1,AAKG9OAAFAAENZPAAi,http://mapa.um.warszawa.pl/mvimages/san13/fig/752_fig_7405038_S14_1_1.png,1,7513588.3457,5781407.6408
AAKG9OAAnAAHzErAAd,20.06.2014,Dzielnica Wawer,klon jesionolistny,Acer negundo,D384402,59,3,2001,1,AAKG9OAAnAAHzErAAd,http://mapa.um.warszawa.pl/mvimages/san13/fig/752_fig_7405038_S1F_1_1.png,1,7513972.9062,5781432.2476
AAKG9OAAFAAENZ1AAJ,20.06.2014,Zarząd Zieleni m.st. Warszawy,klon srebrzysty,Acer saccharinum,D377253,113,10,2001,1,AAKG9OAAFAAENZ1AAJ,http://mapa.um.warszawa.pl/mvimages/san13/fig/752_fig_7405038_S1C_1_1.png,1,7513991.4186,5781616.0071
AAKG9OAAFAAENZ1AAK,20.06.2014,Zarząd Zieleni m.st. Warszawy,klon srebrzysty,Acer saccharinum,D377254,128,11,2001,2,AAKG9OAAFAAENZ1AAK,http://mapa.um.warszawa.pl/mvimages/san13/fig/752_fig_7405038_S11_2_2.png,2,7513971.409,5781648.745
AAKG9OAAFAAENzvAAR,20.06.2014,Dzielnica Wawer,klon jesionolistny,Acer negundo,D383173,94,10,2001,2,AAKG9OAAFAAENzvAAR,http://mapa.um.warszawa.pl/mvimages/san13/fig/752_fig_7405038_S12_2_2.png,2,7513592.8122,5781007.0843
AAKG9OAAFAAENzvAAS,20.06.2014,Dzielnica Wawer,klon jesionolistny,Acer negundo,D383174,135,10,2001,3,AAKG9OAAFAAENzvAAS,http://mapa.um.warszawa.pl/mvimages/san13/fig/752_fig_7405038_S1G_3_3.png,3,7513599.8291,5781017.9543
AAKG9OAAFAAENzvAAT,20.06.2014,Dzielnica Wawer,brzoza brodawkowata,Betula pendula,D383175,181,12,2001,3,AAKG9OAAFAAENzvAAT,http://mapa.um.warszawa.pl/mvimages/san13/fig/752_fig_7405038_S1G_3_3.png,3,7513611.3992,5781019.6533
AAKG9OAAFAAENzvAAU,20.06.2014,Dzielnica Wawer,klon jesionolistny,Acer negundo,D383176,92,16,2001,2,AAKG9OAAFAAENzvAAU,http://mapa.um.warszawa.pl/mvimages/san13/fig/752_fig_7405038_S12_2_2.png,2,7513641.3284,5781015.8697
AAKG9OAAFAAENzkAAB,20.06.2014,Dzielnica Wawer,klon jesionolistny,Acer negundo,D383328,"50, 25",7,2001,3,AAKG9OAAFAAENzkAAB,http://mapa.um.warszawa.pl/mvimages/san13/fig/752_fig_7405038_S1G_3_3.png,3,7513720.9522,5781032.7428
AAKG9OAAFAAENzkAAD,20.06.2014,Dzielnica Wawer,orzech włoski,Juglans regia,D383330,10,3,2001,1,AAKG9OAAFAAENzkAAD,http://mapa.um.warszawa.pl/mvimages/san13/fig/752_fig_7405038_S1F_1_1.png,1,7513764.2653,5781042.0924
AAKG9OAAFAAENzkAAC,20.06.2014,Dzielnica Wawer,orzech włoski,Juglans regia,D383329,27,4,2001,1,AAKG9OAAFAAENzkAAC,http://mapa.um.warszawa.pl/mvimages/san13/fig/752_fig_7405038_S1B_1_1.png,1,7513768.5717,5781043.2136
AAKG9OAAFAAENzjAAT,20.06.2014,Dzielnica Wawer,robinia  sp.,Robinia  sp.,D383153,176,17,2001,3,AAKG9OAAFAAENzjAAT,http://mapa.um.warszawa.pl/mvimages/san13/fig/752_fig_7405038_S10_3_3.png,3,7513876.2397,5781048.289
AAKG9OAAFAAENzjAAS,20.06.2014,Dzielnica Wawer,głóg sp.,Crataegus sp.,D383152,9,3,2001,1,AAKG9OAAFAAENzjAAS,http://mapa.um.warszawa.pl/mvimages/san13/fig/752_fig_7405038_S1E_1_1.png,1,7513942.1634,5780879.6055
AAKG9OAAFAAENzjAAP,20.06.2014,Dzielnica Wawer,klon jesionolistny,Acer negundo,D383149,149,11,2001,3,AAKG9OAAFAAENzjAAP,http://mapa.um.warszawa.pl/mvimages/san13/fig/752_fig_7405038_S1G_3_3.png,3,7513944.6283,5780828.805
AAKG9OAAFAAENzjAAQ,20.06.2014,Dzielnica Wawer,klon jesionolistny,Acer negundo,D383150,97,12,2001,3,AAKG9OAAFAAENzjAAQ,http://mapa.um.warszawa.pl/mvimages/san13/fig/752_fig_7405038_S10_3_3.png,3,7513946.3545,5780822.6552
AAKG9OAAFAAENzjAAR,20.06.2014,Dzielnica Wawer,klon jesionolistny,Acer negundo,D383151,95,12,2001,3,AAKG9OAAFAAENzjAAR,http://mapa.um.warszawa.pl/mvimages/san13/fig/752_fig_7405038_S10_3_3.png,3,7513948.0173,5780817.6281
AAKG9OAAFAAENzjAAU,20.06.2014,Dzielnica Wawer,klon jesionolistny,Acer negundo,D383154,"32, 42, 34, 36, 19",6,2001,3,AAKG9OAAFAAENzjAAU,http://mapa.um.warszawa.pl/mvimages/san13/fig/752_fig_7405038_S10_3_3.png,3,7513959.0771,5781095.8585
AAKG9OAAFAAENzjAAV,20.06.2014,Dzielnica Wawer,klon jesionolistny,Acer negundo,D383155,"67, 52, 58, 38, 79",11,2001,4,AAKG9OAAFAAENzjAAV,http://mapa.um.warszawa.pl/mvimages/san13/fig/752_fig_7405038_S1H_4_4.png,4,7513969.098,5781098.2069
AAKG9OAAFAAENzjAAW,20.06.2014,Dzielnica Wawer,klon jesionolistny,Acer negundo,D383156,"36, 96, 18",9,2001,2,AAKG9OAAFAAENzjAAW,http://mapa.um.warszawa.pl/mvimages/san13/fig/752_fig_7405038_S11_2_2.png,2,7513974.7941,5781100.2045
AAKG9OAAFAAENzjAAX,20.06.2014,Dzielnica Wawer,sosna pospolita,Pinus sylvestris,D383157,35,6,2001,1,AAKG9OAAFAAENzjAAX,http://mapa.um.warszawa.pl/mvimages/san13/fig/752_fig_7405038_S14_1_1.png,1,7513978.9378,5781103.2701
AAKG9OAAFAAENZ1AAI,20.06.2014,Zarząd Zieleni m.st. Warszawy,klon jesionolistny,Acer negundo,D377252,39,7,2001,1,AAKG9OAAFAAENZ1AAI,http://mapa.um.warszawa.pl/mvimages/san13/fig/752_fig_7405038_S1B_1_1.png,1,7513983.8938,5781732.829
AAKG9OAAFAAENZ1AAH,20.06.2014,Zarząd Zieleni m.st. Warszawy,klon jesionolistny,Acer negundo,D377251,40,7,2001,1,AAKG9OAAFAAENZ1AAH,http://mapa.um.warszawa.pl/mvimages/san13/fig/752_fig_7405038_S1B_1_1.png,1,7513983.3648,5781733.8873
AAKG9OAAFAAENZCAAG,20.06.2014,Zarząd Zieleni m.st. Warszawy,brzoza brodawkowata,Betula pendula,D377270,55,8,2001,1,AAKG9OAAFAAENZCAAG,http://mapa.um.warszawa.pl/mvimages/san13/fig/752_fig_7405038_S1B_1_1.png,1,7513963.3369,5781734.9786
AAKG9OAAFAAENZ1AAZ,20.06.2014,Zarząd Zieleni m.st. Warszawy,dąb szypułkowy,Quercus robur,D377269,43,7,2001,1,AAKG9OAAFAAENZ1AAZ,http://mapa.um.warszawa.pl/mvimages/san13/fig/752_fig_7405038_S1B_1_1.png,1,7513959.9634,5781740.601
AAKG9OAAnAAHxCKAAm,20.06.2014,Dzielnica Wawer,klon jesionolistny,Acer negundo,D376966,72,9,2001,1,AAKG9OAAnAAHxCKAAm,http://mapa.um.warszawa.pl/mvimages/san13/fig/752_fig_7405038_S1C_1_1.png,1,7513544.734,5781771.6629
AAKG9OAAnAAHxCxAAR,20.06.2014,Dzielnica Wawer,dąb czerwony,Quercus rubra,D376964,70,11,2001,1,AAKG9OAAnAAHxCxAAR,http://mapa.um.warszawa.pl/mvimages/san13/fig/752_fig_7405038_S1C_1_1.png,1,7513556.6085,5781778.0526
AAKG9OAAnAAHxCxAAS,20.06.2014,Dzielnica Wawer,dąb czerwony,Quercus rubra,D376965,42,10,2001,1,AAKG9OAAnAAHxCxAAS,http://mapa.um.warszawa.pl/mvimages/san13/fig/752_fig_7405038_S14_1_1.png,1,7513554.6638,5781778.0526
AAKG9OAAFAAENZ1AAY,20.06.2014,Zarząd Zieleni m.st. Warszawy,robinia  sp.,Robinia  sp.,D377268,29,6,2001,1,AAKG9OAAFAAENZ1AAY,http://mapa.um.warszawa.pl/mvimages/san13/fig/752_fig_7405038_S1F_1_1.png,1,7513952.5836,5781788.3199
AAKG9OAAFAAENZ1AAX,20.06.2014,Zarząd Zieleni m.st. Warszawy,sumak octowiec,Rhus typhina,D377267,14,3,2001,1,AAKG9OAAFAAENZ1AAX,http://mapa.um.warszawa.pl/mvimages/san13/fig/752_fig_7405038_S1F_1_1.png,1,7513949.6864,5781790.9787
AAKG9OAAFAAENZ1AAU,20.06.2014,Zarząd Zieleni m.st. Warszawy,robinia  sp.,Robinia  sp.,D377264,11,3,2001,1,AAKG9OAAFAAENZ1AAU,http://mapa.um.warszawa.pl/mvimages/san13/fig/752_fig_7405038_S1E_1_1.png,1,7513950.9169,5781792.725
AAKG9OAAFAAENZ1AAW,20.06.2014,Zarząd Zieleni m.st. Warszawy,sumak octowiec,Rhus typhina,D377266,"12, 15",3,2001,1,AAKG9OAAFAAENZ1AAW,http://mapa.um.warszawa.pl/mvimages/san13/fig/752_fig_7405038_S1F_1_1.png,1,7513948.7737,5781793.241
AAKG9OAAFAAENZ1AAN,20.06.2014,Dzielnica Wawer,sosna pospolita,Pinus sylvestris,D377257,77,11,2001,1,AAKG9OAAFAAENZ1AAN,http://mapa.um.warszawa.pl/mvimages/san13/fig/752_fig_7405038_S1B_1_1.png,1,7513926.3131,5781794.1671
AAKG9OAAFAAENZ1AAV,20.06.2014,Zarząd Zieleni m.st. Warszawy,sumak octowiec,Rhus typhina,D377265,"13, 12, 14",3,2001,1,AAKG9OAAFAAENZ1AAV,http://mapa.um.warszawa.pl/mvimages/san13/fig/752_fig_7405038_S1B_1_1.png,1,7513948.5357,5781794.511
AAKG9OAAFAAENZ1AAT,20.06.2014,Zarząd Zieleni m.st. Warszawy,robinia  sp.,Robinia  sp.,D377263,22,5,2001,1,AAKG9OAAFAAENZ1AAT,http://mapa.um.warszawa.pl/mvimages/san13/fig/752_fig_7405038_S1F_1_1.png,1,7513945.4797,5781798.4533
AAKG9OAAFAAENZ1AAS,20.06.2014,Zarząd Zieleni m.st. Warszawy,klon pospolity,Acer platanoides,D377262,"33, 25",6,2001,1,AAKG9OAAFAAENZ1AAS,http://mapa.um.warszawa.pl/mvimages/san13/fig/752_fig_7405038_S1B_1_1.png,1,7513944.1566,5781800.4113
AAKG9OAAFAAENZ1AAR,20.06.2014,Zarząd Zieleni m.st. Warszawy,robinia  sp.,Robinia  sp.,D377261,47,8,2001,1,AAKG9OAAFAAENZ1AAR,http://mapa.um.warszawa.pl/mvimages/san13/fig/752_fig_7405038_S1B_1_1.png,1,7513944.1038,5781802.7396
AAKG9OAAFAAENZ1AAQ,20.06.2014,Zarząd Zieleni m.st. Warszawy,robinia  sp.,Robinia  sp.,D377260,16,3,2001,1,AAKG9OAAFAAENZ1AAQ,http://mapa.um.warszawa.pl/mvimages/san13/fig/752_fig_7405038_S1E_1_1.png,1,7513940.9288,5781804.38
AAKG9OAAFAAENZ1AAP,20.06.2014,Zarząd Zieleni m.st. Warszawy,robinia  sp.,Robinia  sp.,D377259,27,7,2001,1,AAKG9OAAFAAENZ1AAP,http://mapa.um.warszawa.pl/mvimages/san13/fig/752_fig_7405038_S1E_1_1.png,1,7513942.6751,5781805.5442
AAKG9OAAFAAENZ1AAO,20.06.2014,Zarząd Zieleni m.st. Warszawy,robinia  sp.,Robinia  sp.,D377258,29,7,2001,1,AAKG9OAAFAAENZ1AAO,http://mapa.um.warszawa.pl/mvimages/san13/fig/752_fig_7405038_S1F_1_1.png,1,7513939.2355,5781807.5021
AAKG9OAAFAAENZ1AAM,20.06.2014,Zarząd Zieleni m.st. Warszawy,robinia  sp.,Robinia  sp.,D377256,62,8,2001,1,AAKG9OAAFAAENZ1AAM,http://mapa.um.warszawa.pl/mvimages/san13/fig/752_fig_7405038_S1B_1_1.png,1,7513930.8641,5781815.0164
AAKG9OAAFAAENZ1AAL,20.06.2014,Zarząd Zieleni m.st. Warszawy,wiąz polny,Ulmus minor,D377255,"62, 44, 42, 52",9,2001,2,AAKG9OAAFAAENZ1AAL,http://mapa.um.warszawa.pl/mvimages/san13/fig/752_fig_7405038_S11_2_2.png,2,7513929.4088,5781817.4636
AAKG9OAAnAAHxCOAAE,20.06.2014,Dzielnica Wawer,robinia  sp.,Robinia  sp.,D376971,21,5,2001,1,AAKG9OAAnAAHxCOAAE,http://mapa.um.warszawa.pl/mvimages/san13/fig/752_fig_7405038_S1F_1_1.png,1,7513570.0887,5781825.6083
AAKG9OAAnAAHxCOAAD,20.06.2014,Dzielnica Wawer,lilak pospolity,Syringa vulgaris,D376970,"13, 14, 11, 9, 15",4,2001,1,AAKG9OAAnAAHxCOAAD,http://mapa.um.warszawa.pl/mvimages/san13/fig/752_fig_7405038_S1E_1_1.png,1,7513571.1603,5781825.6876
AAKG9OAAFAAENZCAAH,20.06.2014,Zarząd Zieleni m.st. Warszawy,klon pospolity,Acer platanoides,D377271,88,10,2001,2,AAKG9OAAFAAENZCAAH,http://mapa.um.warszawa.pl/mvimages/san13/fig/752_fig_7405038_S11_2_2.png,2,7513927.865,5781830.6745
AAKG9OAAnAAHxCOAAC,20.06.2014,Dzielnica Wawer,śliwa ałycza,Prunus cerasifera,D376969,"7, 9",2,2001,1,AAKG9OAAnAAHxCOAAC,http://mapa.um.warszawa.pl/mvimages/san13/fig/752_fig_7405038_S1E_1_1.png,1,7513614.9842,5781833.6295
AAKG9OAAnAAHxCOAAB,20.06.2014,Dzielnica Wawer,czereśnia  sp.,Prunus  sp.(czereśnia),D376968,87,8,2001,1,AAKG9OAAnAAHxCOAAB,http://mapa.um.warszawa.pl/mvimages/san13/fig/752_fig_7405038_S1C_1_1.png,1,7513632.1292,5781836.9103
AAKG9OAAFAAENztAAJ,20.06.2014,Zarząd Zieleni m.st. Warszawy,robinia  sp.,Robinia  sp.,D382329,41,9,2001,1,AAKG9OAAFAAENztAAJ,http://mapa.um.warszawa.pl/mvimages/san13/fig/752_fig_7405038_S1B_1_1.png,1,7513920.3302,5781840.9606
AAKG9OAAFAAENztAAK,20.06.2014,Zarząd Zieleni m.st. Warszawy,robinia  sp.,Robinia  sp.,D382330,30,6,2001,1,AAKG9OAAFAAENztAAK,http://mapa.um.warszawa.pl/mvimages/san13/fig/752_fig_7405038_S1B_1_1.png,1,7513919.219,5781842.8655
AAKG9OAAFAAENztAAQ,20.06.2014,Dzielnica Wawer,robinia  sp.,Robinia  sp.,D382336,46,9,2001,1,AAKG9OAAFAAENztAAQ,http://mapa.um.warszawa.pl/mvimages/san13/fig/752_fig_7405038_S14_1_1.png,1,7513892.8531,5781848.3159
AAKG9OAAFAAENztAAM,20.06.2014,Zarząd Zieleni m.st. Warszawy,robinia  sp.,Robinia  sp.,D382332,"47, 42",9,2001,1,AAKG9OAAFAAENztAAM,http://mapa.um.warszawa.pl/mvimages/san13/fig/752_fig_7405038_S1C_1_1.png,1,7513914.4565,5781851.7555
AAKG9OAAFAAENztAAL,20.06.2014,Zarząd Zieleni m.st. Warszawy,robinia  sp.,Robinia  sp.,D382331,18,4,2001,1,AAKG9OAAFAAENztAAL,http://mapa.um.warszawa.pl/mvimages/san13/fig/752_fig_7405038_S1F_1_1.png,1,7513912.3927,5781855.0099
AAKG9OAAnAAHzE3AAR,20.06.2014,Dzielnica Wawer,klon jesionolistny,Acer negundo,D379105,43,8,2001,1,AAKG9OAAnAAHzE3AAR,http://mapa.um.warszawa.pl/mvimages/san13/fig/752_fig_7405038_S14_1_1.png,1,7513479.8434,5781380.8393
AAKG9OAAnAAHzE3AAN,20.06.2014,Dzielnica Wawer,robinia  sp.,Robinia  sp.,D379101,43,6,2001,1,AAKG9OAAnAAHzE3AAN,http://mapa.um.warszawa.pl/mvimages/san13/fig/752_fig_7405038_S1B_1_1.png,1,7513512.0778,5781386.9573
AAKG9OAAnAAHzE3AAM,20.06.2014,Dzielnica Wawer,robinia  sp.,Robinia  sp.,D379100,40,6,2001,1,AAKG9OAAnAAHzE3AAM,http://mapa.um.warszawa.pl/mvimages/san13/fig/752_fig_7405038_S1B_1_1.png,1,7513514.845,5781388.4227
AAKG9OAAnAAHzE3AAL,20.06.2014,Dzielnica Wawer,robinia  sp.,Robinia  sp.,D379099,43,10,2001,1,AAKG9OAAnAAHzE3AAL,http://mapa.um.warszawa.pl/mvimages/san13/fig/752_fig_7405038_S14_1_1.png,1,7513517.8267,5781388.4901
AAKG9OAAnAAHzFpAAK,20.06.2014,Dzielnica Wawer,sumak octowiec,Rhus typhina,D378474,"31, 32, 34",6,2001,1,AAKG9OAAnAAHzFpAAK,http://mapa.um.warszawa.pl/mvimages/san13/fig/752_fig_7405038_S1B_1_1.png,1,7513520.1536,5781388.5869
AAKG9OAAFAAENZPAAm,20.06.2014,Dzielnica Wawer,jarząb pospolity ,Sorbus aucuparia,D375556,30,6,2001,1,AAKG9OAAFAAENZPAAm,http://mapa.um.warszawa.pl/mvimages/san13/fig/752_fig_7405038_S1F_1_1.png,1,7513531.2667,5781390.9575
AAKG9OAAFAAENZPAAl,20.06.2014,Dzielnica Wawer,jarząb pospolity ,Sorbus aucuparia,D375555,20,6,2001,1,AAKG9OAAFAAENZPAAl,http://mapa.um.warszawa.pl/mvimages/san13/fig/752_fig_7405038_S1E_1_1.png,1,7513534.3164,5781391.3185
AAKG9OAAFAAENZPAAk,20.06.2014,Dzielnica Wawer,jarząb pospolity ,Sorbus aucuparia,D375554,"42, 34",8,2001,1,AAKG9OAAFAAENZPAAk,http://mapa.um.warszawa.pl/mvimages/san13/fig/752_fig_7405038_S14_1_1.png,1,7513537.302,5781392.0979
AAKG9OAAnAAHzE3AAQ,20.06.2014,Dzielnica Wawer,klon jesionolistny,Acer negundo,D379104,"34, 26, 29, 22, 12",7,2001,1,AAKG9OAAnAAHzE3AAQ,http://mapa.um.warszawa.pl/mvimages/san13/fig/752_fig_7405038_S14_1_1.png,1,7513503.7113,5781392.3078
AAKG9OAAnAAHzE3AAP,20.06.2014,Dzielnica Wawer,klon jesionolistny,Acer negundo,D379103,70,10,2001,1,AAKG9OAAnAAHzE3AAP,http://mapa.um.warszawa.pl/mvimages/san13/fig/752_fig_7405038_S14_1_1.png,1,7513506.1457,5781392.5515
AAKG9OAAnAAHzE3AAO,20.06.2014,Dzielnica Wawer,klon jesionolistny,Acer negundo,D379102,"54, 47",8,2001,1,AAKG9OAAnAAHzE3AAO,http://mapa.um.warszawa.pl/mvimages/san13/fig/752_fig_7405038_S1C_1_1.png,1,7513508.1987,5781392.7364
AAKG9OAAnAAHxCOAAI,20.06.2014,Dzielnica Wawer,klon  sp.,Acer  sp.,D376975,"10, 8",3,2001,1,AAKG9OAAnAAHxCOAAI,http://mapa.um.warszawa.pl/mvimages/san13/fig/752_fig_7405038_S1E_1_1.png,1,7513215.174,5781710.3078
AAKG9OAAnAAHxCOAAH,20.06.2014,Dzielnica Wawer,sosna pospolita,Pinus sylvestris,D376974,147,12,2001,2,AAKG9OAAnAAHxCOAAH,http://mapa.um.warszawa.pl/mvimages/san13/fig/752_fig_7405038_S11_2_2.png,2,7513248.882,5781750.0351
AAKG9OAAnAAHxCOAAA,20.06.2014,Dzielnica Wawer,sosna pospolita,Pinus sylvestris,D376967,186,10,2001,2,AAKG9OAAnAAHxCOAAA,http://mapa.um.warszawa.pl/mvimages/san13/fig/752_fig_7405038_S15_2_2.png,2,7513532.3117,5781779.5343
AAKG9OAAnAAHxCOAAM,20.06.2014,Dzielnica Wawer,robinia  sp.,Robinia  sp.,D376979,"13, 11",4,2001,1,AAKG9OAAnAAHxCOAAM,http://mapa.um.warszawa.pl/mvimages/san13/fig/752_fig_7405038_S1F_1_1.png,1,7513199.1404,5781792.2919
AAKG9OAAnAAHxCOAAL,20.06.2014,Dzielnica Wawer,sosna pospolita,Pinus sylvestris,D376978,133,15,2001,1,AAKG9OAAnAAHxCOAAL,http://mapa.um.warszawa.pl/mvimages/san13/fig/752_fig_7405038_S14_1_1.png,1,7513192.5257,5781796.049
AAKG9OAAnAAHxCOAAN,20.06.2014,Dzielnica Wawer,sosna pospolita,Pinus sylvestris,D376980,154,14,2001,1,AAKG9OAAnAAHxCOAAN,http://mapa.um.warszawa.pl/mvimages/san13/fig/752_fig_7405038_S1C_1_1.png,1,7513184.5883,5781802.3462
AAKG9OAAnAAHxCPAAa,20.06.2014,Zarząd Zieleni m.st. Warszawy,klon jesionolistny,Acer negundo,D376621,41,6,2001,1,AAKG9OAAnAAHxCPAAa,http://mapa.um.warszawa.pl/mvimages/san13/fig/752_fig_7405038_S14_1_1.png,1,7513530.8517,5781943.5336
AAKG9OAAnAAHxCPAAX,20.06.2014,Zarząd Zieleni m.st. Warszawy,robinia  sp.,Robinia  sp.,D376618,136,12,2001,1,AAKG9OAAnAAHxCPAAX,http://mapa.um.warszawa.pl/mvimages/san13/fig/752_fig_7405038_S1C_1_1.png,1,7513425.0876,5781964.0207
AAKG9OAAnAAHxCPAAZ,20.06.2014,Zarząd Zieleni m.st. Warszawy,robinia  sp.,Robinia  sp.,D376620,189,12,2001,2,AAKG9OAAnAAHxCPAAZ,http://mapa.um.warszawa.pl/mvimages/san13/fig/752_fig_7405038_S15_2_2.png,2,7513414.5042,5781965.767
AAKG9OAAnAAHxCPAAY,20.06.2014,Zarząd Zieleni m.st. Warszawy,robinia  sp.,Robinia  sp.,D376619,83,12,2001,1,AAKG9OAAnAAHxCPAAY,http://mapa.um.warszawa.pl/mvimages/san13/fig/752_fig_7405038_S1C_1_1.png,1,7513418.4729,5781965.9786
AAKG9OAAnAAHxCOAAO,20.06.2014,Zarząd Zieleni m.st. Warszawy,robinia  sp.,Robinia  sp.,D376981,137,12,2001,2,AAKG9OAAnAAHxCOAAO,http://mapa.um.warszawa.pl/mvimages/san13/fig/752_fig_7405038_S11_2_2.png,2,7513383.5366,5781967.989
AAKG9OAAnAAHxCOAAP,20.06.2014,Zarząd Zieleni m.st. Warszawy,robinia  sp.,Robinia  sp.,D376982,132,10,2001,1,AAKG9OAAnAAHxCOAAP,http://mapa.um.warszawa.pl/mvimages/san13/fig/752_fig_7405038_S1C_1_1.png,1,7513378.02,5781969.8013
AAKG9OAAnAAHxCOAAQ,20.06.2014,Zarząd Zieleni m.st. Warszawy,robinia  sp.,Robinia  sp.,D376983,78,8,2001,1,AAKG9OAAnAAHxCOAAQ,http://mapa.um.warszawa.pl/mvimages/san13/fig/752_fig_7405038_S14_1_1.png,1,7513352.4215,5781971.3227
AAKG9OAAnAAHxCOAAR,20.06.2014,Zarząd Zieleni m.st. Warszawy,klon jesionolistny,Acer negundo,D376984,86,11,2001,2,AAKG9OAAnAAHxCOAAR,http://mapa.um.warszawa.pl/mvimages/san13/fig/752_fig_7405038_S12_2_2.png,2,7513314.4273,5781977.0906
AAKG9OAAnAAHxCfAAU,20.06.2014,Zarząd Zieleni m.st. Warszawy,lipa drobnolistna,Tilia cordata,D376637,55,4,2001,1,AAKG9OAAnAAHxCfAAU,http://mapa.um.warszawa.pl/mvimages/san13/fig/752_fig_7405038_S1B_1_1.png,1,7513185.5085,5781990.5161
AAKG9OAAnAAHxCfAAY,20.06.2014,Zarząd Zieleni m.st. Warszawy,lipa drobnolistna,Tilia cordata,D376641,35,6,2001,1,AAKG9OAAnAAHxCfAAY,http://mapa.um.warszawa.pl/mvimages/san13/fig/752_fig_7405038_S1B_1_1.png,1,7513173.0731,5781992.3683
AAKG9OAAnAAHxCfAAS,20.06.2014,Zarząd Zieleni m.st. Warszawy,lipa drobnolistna,Tilia cordata,D376635,76,7,2001,1,AAKG9OAAnAAHxCfAAS,http://mapa.um.warszawa.pl/mvimages/san13/fig/752_fig_7405038_S14_1_1.png,1,7513187.6253,5781992.5666
AAKG9OAAnAAHxCfAAR,20.06.2014,Zarząd Zieleni m.st. Warszawy,lipa drobnolistna,Tilia cordata,D376634,66,6,2001,1,AAKG9OAAnAAHxCfAAR,http://mapa.um.warszawa.pl/mvimages/san13/fig/752_fig_7405038_S1B_1_1.png,1,7513191.2634,5781992.6329
AAKG9OAAnAAHxCfAAZ,20.06.2014,Zarząd Zieleni m.st. Warszawy,lipa drobnolistna,Tilia cordata,D376642,55,8,2001,1,AAKG9OAAnAAHxCfAAZ,http://mapa.um.warszawa.pl/mvimages/san13/fig/752_fig_7405038_S1B_1_1.png,1,7513168.4429,5781993.2943
AAKG9OAAnAAHxCfAAT,20.06.2014,Zarząd Zieleni m.st. Warszawy,klon pospolity,Acer platanoides,D376636,82,6,2001,1,AAKG9OAAnAAHxCfAAT,http://mapa.um.warszawa.pl/mvimages/san13/fig/752_fig_7405038_S1C_1_1.png,1,7513183.9873,5781993.9557
AAKG9OAAnAAHzFpAAH,20.06.2014,Dzielnica Wawer,klon pospolity,Acer platanoides,D378471,"26, 34, 26",8,2001,1,AAKG9OAAnAAHzFpAAH,http://mapa.um.warszawa.pl/mvimages/san13/fig/752_fig_7405038_S1B_1_1.png,1,7513141.6989,5781313.4266
AAKG9OAAnAAHzFpAAG,20.06.2014,Dzielnica Wawer,klon  sp.,Acer  sp.,D378470,"29, 15",8,2001,1,AAKG9OAAnAAHzFpAAG,http://mapa.um.warszawa.pl/mvimages/san13/fig/752_fig_7405038_S1B_1_1.png,1,7513144.1138,5781313.7972
AAKG9OAAnAAHzFpAAF,20.06.2014,Dzielnica Wawer,robinia  sp.,Robinia  sp.,D378469,72,8,2001,1,AAKG9OAAnAAHzFpAAF,http://mapa.um.warszawa.pl/mvimages/san13/fig/752_fig_7405038_S1B_1_1.png,1,7513149.1978,5781314.5775
AAKG9OAAnAAHzFpAAB,20.06.2014,Dzielnica Wawer,wiąz polny,Ulmus minor,D378465,"80, 72, 95, 73, 68",15,2001,2,AAKG9OAAnAAHzFpAAB,http://mapa.um.warszawa.pl/mvimages/san13/fig/752_fig_7405038_S12_2_2.png,2,7513159.2485,5781316.9006
AAKG9OAAnAAHzFpAAE,20.06.2014,Dzielnica Wawer,dąb szypułkowy,Quercus robur,D378468,18,6,2001,1,AAKG9OAAnAAHzFpAAE,http://mapa.um.warszawa.pl/mvimages/san13/fig/752_fig_7405038_S1F_1_1.png,1,7513148.2129,5781321.8415
AAKG9OAAnAAHzFpAAD,20.06.2014,Dzielnica Wawer,klon pospolity,Acer platanoides,D378467,27,5,2001,1,AAKG9OAAnAAHzFpAAD,http://mapa.um.warszawa.pl/mvimages/san13/fig/752_fig_7405038_S1B_1_1.png,1,7513155.6531,5781323.3737
AAKG9OAAnAAHzFpAAC,20.06.2014,Dzielnica Wawer,klon pospolity,Acer platanoides,D378466,"40, 30",5,2001,1,AAKG9OAAnAAHzFpAAC,http://mapa.um.warszawa.pl/mvimages/san13/fig/752_fig_7405038_S1B_1_1.png,1,7513157.4815,5781324.1747
AAKG9OAAnAAHzEzAAH,20.06.2014,Dzielnica Wawer,klon  sp.,Acer  sp.,D384360,27,7,2001,1,AAKG9OAAnAAHzEzAAH,http://mapa.um.warszawa.pl/mvimages/san13/fig/752_fig_7405038_S1F_1_1.png,1,7513253.229,5781335.2343
AAKG9OAAnAAHzEzAAF,20.06.2014,Dzielnica Wawer,sosna pospolita,Pinus sylvestris,D384358,16,4,2001,1,AAKG9OAAnAAHzEzAAF,http://mapa.um.warszawa.pl/mvimages/san13/fig/752_fig_7405038_S1F_1_1.png,1,7513256.3378,5781342.8852
AAKG9OAAnAAHzEzAAG,20.06.2014,Dzielnica Wawer,topola osika,Populus tremula,D384359,27,8,2001,1,AAKG9OAAnAAHzEzAAG,http://mapa.um.warszawa.pl/mvimages/san13/fig/752_fig_7405038_S1F_1_1.png,1,7513252.9503,5781343.329
AAKG9OAAnAAHzEzAAE,20.06.2014,Dzielnica Wawer,topola osika,Populus tremula,D384357,21,5,2001,1,AAKG9OAAnAAHzEzAAE,http://mapa.um.warszawa.pl/mvimages/san13/fig/752_fig_7405038_S1F_1_1.png,1,7513259.621,5781343.8173
AAKG9OAAnAAHzEzAAD,20.06.2014,Dzielnica Wawer,topola osika,Populus tremula,D384356,50,12,2001,1,AAKG9OAAnAAHzEzAAD,http://mapa.um.warszawa.pl/mvimages/san13/fig/752_fig_7405038_S14_1_1.png,1,7513262.1559,5781344.7418
AAKG9OAAnAAHzEzAAC,20.06.2014,Dzielnica Wawer,klon jesionolistny,Acer negundo,D384355,"15, 14, 13",5,2001,1,AAKG9OAAnAAHzEzAAC,http://mapa.um.warszawa.pl/mvimages/san13/fig/752_fig_7405038_S14_1_1.png,1,7513338.732,5781353.4117
AAKG9OAAnAAHzEHAAS,20.06.2014,Dzielnica Wawer,klon  sp.,Acer  sp.,D384351,160,14,2001,2,AAKG9OAAnAAHzEHAAS,http://mapa.um.warszawa.pl/mvimages/san13/fig/752_fig_7405038_S12_2_2.png,2,7513347.6389,5781355.5593
AAKG9OAAnAAHzEHAAR,20.06.2014,Dzielnica Wawer,sosna pospolita,Pinus sylvestris,D384350,108,16,2001,1,AAKG9OAAnAAHzEHAAR,http://mapa.um.warszawa.pl/mvimages/san13/fig/752_fig_7405038_S14_1_1.png,1,7513353.0161,5781356.1243
AAKG9OAAnAAHzEHAAQ,20.06.2014,Dzielnica Wawer,sosna pospolita,Pinus sylvestris,D384349,116,15,2001,1,AAKG9OAAnAAHzEHAAQ,http://mapa.um.warszawa.pl/mvimages/san13/fig/752_fig_7405038_S14_1_1.png,1,7513356.8976,5781357.1103
AAKG9OAAnAAHzEzAAB,20.06.2014,Dzielnica Wawer,klon jesionolistny,Acer negundo,D384354,53,5,2001,1,AAKG9OAAnAAHzEzAAB,http://mapa.um.warszawa.pl/mvimages/san13/fig/752_fig_7405038_S1B_1_1.png,1,7513343.7983,5781359.393
AAKG9OAAnAAHzEzAAA,20.06.2014,Dzielnica Wawer,klon jesionolistny,Acer negundo,D384353,47,8,2001,1,AAKG9OAAnAAHzEzAAA,http://mapa.um.warszawa.pl/mvimages/san13/fig/752_fig_7405038_S14_1_1.png,1,7513344.9038,5781361.514
AAKG9OAAnAAHzEHAAT,20.06.2014,Dzielnica Wawer,klon jesionolistny,Acer negundo,D384352,21,5,2001,1,AAKG9OAAnAAHzEHAAT,http://mapa.um.warszawa.pl/mvimages/san13/fig/752_fig_7405038_S1F_1_1.png,1,7513346.8102,5781361.8066
AAKG9OAAnAAHzEHAAO,20.06.2014,Dzielnica Wawer,sosna pospolita,Pinus sylvestris,D384347,141,13,2001,1,AAKG9OAAnAAHzEHAAO,http://mapa.um.warszawa.pl/mvimages/san13/fig/752_fig_7405038_S1C_1_1.png,1,7513384.8497,5781362.3109
AAKG9OAAnAAHzEHAAN,20.06.2014,Dzielnica Wawer,sosna pospolita,Pinus sylvestris,D384346,126,16,2001,1,AAKG9OAAnAAHzEHAAN,http://mapa.um.warszawa.pl/mvimages/san13/fig/752_fig_7405038_S1C_1_1.png,1,7513394.4505,5781364.1745
AAKG9OAAnAAHzEHAAM,20.06.2014,Dzielnica Wawer,klon jesionolistny,Acer negundo,D384345,28,4,2001,1,AAKG9OAAnAAHzEHAAM,http://mapa.um.warszawa.pl/mvimages/san13/fig/752_fig_7405038_S1B_1_1.png,1,7513396.6112,5781364.5062
AAKG9OAAnAAHzEHAAL,20.06.2014,Dzielnica Wawer,sosna pospolita,Pinus sylvestris,D384344,99,9,2001,1,AAKG9OAAnAAHzEHAAL,http://mapa.um.warszawa.pl/mvimages/san13/fig/752_fig_7405038_S14_1_1.png,1,7513399.1531,5781364.8964
AAKG9OAAnAAHzEHAAK,20.06.2014,Dzielnica Wawer,brzoza brodawkowata,Betula pendula,D384343,148,17,2001,2,AAKG9OAAnAAHzEHAAK,http://mapa.um.warszawa.pl/mvimages/san13/fig/752_fig_7405038_S12_2_2.png,2,7513406.4469,5781366.5361
AAKG9OAAnAAHzEHAAP,20.06.2014,Dzielnica Wawer,topola biała,Populus alba,D384348,129,18,2001,2,AAKG9OAAnAAHzEHAAP,http://mapa.um.warszawa.pl/mvimages/san13/fig/752_fig_7405038_S15_2_2.png,2,7513371.7415,5781367.194
AAKG9OAAnAAHzEHAAJ,20.06.2014,Dzielnica Wawer,topola biała,Populus alba,D384342,241,18,2001,3,AAKG9OAAnAAHzEHAAJ,http://mapa.um.warszawa.pl/mvimages/san13/fig/752_fig_7405038_S1G_3_3.png,3,7513414.0531,5781367.8336
AAKG9OAAnAAHzFSAAX,20.06.2014,Dzielnica Wawer,wiąz szypułkowy,Ulmus laevis ,D380606,62,10,2001,1,AAKG9OAAnAAHzFSAAX,http://mapa.um.warszawa.pl/mvimages/san13/fig/752_fig_7405038_S14_1_1.png,1,7513422.2379,5781369.6568
AAKG9OAAnAAHzE3AAV,20.06.2014,Dzielnica Wawer,robinia  sp.,Robinia  sp.,D379109,132,12,2001,1,AAKG9OAAnAAHzE3AAV,http://mapa.um.warszawa.pl/mvimages/san13/fig/752_fig_7405038_S1C_1_1.png,1,7513425.0341,5781370.086
AAKG9OAAnAAHzE3AAU,20.06.2014,Dzielnica Wawer,robinia  sp.,Robinia  sp.,D379108,24,4,2001,1,AAKG9OAAnAAHzE3AAU,http://mapa.um.warszawa.pl/mvimages/san13/fig/752_fig_7405038_S1F_1_1.png,1,7513429.4629,5781370.8958
AAKG9OAAnAAHzE3AAT,20.06.2014,Dzielnica Wawer,topola biała,Populus alba,D379107,208,18,2001,1,AAKG9OAAnAAHzE3AAT,http://mapa.um.warszawa.pl/mvimages/san13/fig/752_fig_7405038_S14_1_1.png,1,7513432.132,5781371.3055
AAKG9OAAnAAHzE3AAS,20.06.2014,Dzielnica Wawer,topola biała,Populus alba,D379106,222,18,2001,2,AAKG9OAAnAAHzE3AAS,http://mapa.um.warszawa.pl/mvimages/san13/fig/752_fig_7405038_S15_2_2.png,2,7513446.7387,5781374.4578
AAKG9OAAFAAENZsAAc,20.06.2014,Dzielnica Wawer,klon  sp.,Acer  sp.,D375795,"38, 45",9,2001,1,AAKG9OAAFAAENZsAAc,http://mapa.um.warszawa.pl/mvimages/san13/fig/752_fig_7405038_S14_1_1.png,1,7513096.0211,5781304.2048
AAKG9OAAFAAENZsAAb,20.06.2014,Dzielnica Wawer,sosna pospolita,Pinus sylvestris,D375794,136,13,2001,2,AAKG9OAAFAAENZsAAb,http://mapa.um.warszawa.pl/mvimages/san13/fig/752_fig_7405038_S11_2_2.png,2,7513102.327,5781304.6522
AAKG9OAAnAAHzFpAAA,20.06.2014,Dzielnica Wawer,brzoza brodawkowata,Betula pendula,D378464,77,16,2001,1,AAKG9OAAnAAHzFpAAA,http://mapa.um.warszawa.pl/mvimages/san13/fig/752_fig_7405038_S14_1_1.png,1,7513080.5277,5781309.3723
AAKG9OAAnAAHzFpAAJ,20.06.2014,Dzielnica Wawer,lilak pospolity,Syringa vulgaris,D378473,"17, 14, 15",4,2001,1,AAKG9OAAnAAHzFpAAJ,http://mapa.um.warszawa.pl/mvimages/san13/fig/752_fig_7405038_S14_1_1.png,1,7513123.7681,5781309.8943
AAKG9OAAFAAENZsAAd,20.06.2014,Dzielnica Wawer,sosna pospolita,Pinus sylvestris,D375796,156,8,2001,1,AAKG9OAAFAAENZsAAd,http://mapa.um.warszawa.pl/mvimages/san13/fig/752_fig_7405038_S1C_1_1.png,1,7513099.7685,5781312.8456
AAKG9OAAnAAHzFpAAI,20.06.2014,Dzielnica Wawer,sosna pospolita,Pinus sylvestris,D378472,171,11,2001,1,AAKG9OAAnAAHzFpAAI,http://mapa.um.warszawa.pl/mvimages/san13/fig/752_fig_7405038_S1C_1_1.png,1,7513132.2376,5781319.1297
AAKG9OAAnAAHxCOAAG,20.06.2014,Dzielnica Wawer,klon jesionolistny,Acer negundo,D376973,"26, 23",6,2001,1,AAKG9OAAnAAHxCOAAG,http://mapa.um.warszawa.pl/mvimages/san13/fig/752_fig_7405038_S1C_1_1.png,1,7513131.3084,5781693.5684
AAKG9OAAnAAHxCOAAK,20.06.2014,Dzielnica Wawer,sosna pospolita,Pinus sylvestris,D376977,173,18,2001,2,AAKG9OAAnAAHxCOAAK,http://mapa.um.warszawa.pl/mvimages/san13/fig/752_fig_7405038_S12_2_2.png,2,7513123.7597,5781848.0722
AAKG9OAAnAAHxCaAAG,20.06.2014,Zarząd Zieleni m.st. Warszawy,lipa drobnolistna,Tilia cordata,D376489,50,7,2001,1,AAKG9OAAnAAHxCaAAG,http://mapa.um.warszawa.pl/mvimages/san13/fig/752_fig_7405038_S1B_1_1.png,1,7513136.4415,5781997.3291
AAKG9OAAnAAHxCaAAJ,20.06.2014,Zarząd Zieleni m.st. Warszawy,lipa drobnolistna,Tilia cordata,D376492,41,6,2001,1,AAKG9OAAnAAHxCaAAJ,http://mapa.um.warszawa.pl/mvimages/san13/fig/752_fig_7405038_S14_1_1.png,1,7513121.691,5782001.0994
AAKG9OAAnAAHxCaAAH,20.06.2014,Zarząd Zieleni m.st. Warszawy,lipa drobnolistna,Tilia cordata,D376490,81,9,2001,1,AAKG9OAAnAAHxCaAAH,http://mapa.um.warszawa.pl/mvimages/san13/fig/752_fig_7405038_S1C_1_1.png,1,7513135.5155,5782001.7608
AAKG9OAAnAAHxCaAAI,20.06.2014,Zarząd Zieleni m.st. Warszawy,brzoza brodawkowata,Betula pendula,D376491,129,17,2001,2,AAKG9OAAnAAHxCaAAI,http://mapa.um.warszawa.pl/mvimages/san13/fig/752_fig_7405038_S11_2_2.png,2,7513127.0488,5782003.5469
AAKG9OAAnAAHxCPAAd,20.06.2014,Zarząd Zieleni m.st. Warszawy,lilak pospolity,Syringa vulgaris,D376624,13,3,2001,1,AAKG9OAAnAAHxCPAAd,http://mapa.um.warszawa.pl/mvimages/san13/fig/752_fig_7405038_S1F_1_1.png,1,7513051.6194,5782004.6841
AAKG9OAAnAAHxCaAAK,20.06.2014,Zarząd Zieleni m.st. Warszawy,dąb szypułkowy,Quercus robur,D376493,61,8,2001,1,AAKG9OAAnAAHxCaAAK,http://mapa.um.warszawa.pl/mvimages/san13/fig/752_fig_7405038_S14_1_1.png,1,7513110.1815,5782005.7297
AAKG9OAAnAAHxCiAAg,20.06.2014,Zarząd Zieleni m.st. Warszawy,lipa drobnolistna,Tilia cordata,D376494,"152, 107, 88",13,2001,2,AAKG9OAAnAAHxCiAAg,http://mapa.um.warszawa.pl/mvimages/san13/fig/752_fig_7405038_S11_2_2.png,2,7513098.2092,5782009.5
AAKG9OAAFAAENztAAP,20.06.2014,Zarząd Zieleni m.st. Warszawy,sosna pospolita,Pinus sylvestris,D382335,98,13,2001,1,AAKG9OAAFAAENztAAP,http://mapa.um.warszawa.pl/mvimages/san13/fig/752_fig_7405038_S14_1_1.png,1,7513883.262,5781863.6618
AAKG9OAAFAAENztAAO,20.06.2014,Zarząd Zieleni m.st. Warszawy,robinia  sp.,Robinia  sp.,D382334,"67, 49",8,2001,2,AAKG9OAAFAAENztAAO,http://mapa.um.warszawa.pl/mvimages/san13/fig/752_fig_7405038_S11_2_2.png,2,7513878.698,5781874.5759
AAKG9OAAFAAENztAAN,20.06.2014,Dzielnica Wawer,sosna pospolita,Pinus sylvestris,D382333,98,12,2001,2,AAKG9OAAFAAENztAAN,http://mapa.um.warszawa.pl/mvimages/san13/fig/752_fig_7405038_S15_2_2.png,2,7513870.8929,5781883.1087
AAKG9OAAFAAENztAAF,20.06.2014,Zarząd Zieleni m.st. Warszawy,sosna pospolita,Pinus sylvestris,D382325,28,3,2001,1,AAKG9OAAFAAENztAAF,http://mapa.um.warszawa.pl/mvimages/san13/fig/752_fig_7405038_S14_1_1.png,1,7513892.2315,5781887.1568
AAKG9OAAFAAENztAAD,20.06.2014,Zarząd Zieleni m.st. Warszawy,robinia  sp.,Robinia  sp.,D382323,166,9,2001,1,AAKG9OAAFAAENztAAD,http://mapa.um.warszawa.pl/mvimages/san13/fig/752_fig_7405038_S1C_1_1.png,1,7513892.1522,5781889.3
AAKG9OAAFAAENztAAC,20.06.2014,Dzielnica Wawer,robinia  sp.,Robinia  sp.,D382322,"74, 71",13,2001,2,AAKG9OAAFAAENztAAC,http://mapa.um.warszawa.pl/mvimages/san13/fig/752_fig_7405038_S15_2_2.png,2,7513888.2627,5781902.7937
AAKG9OAAnAAHxCrAAZ,20.06.2014,Zarząd Zieleni m.st. Warszawy,jesion wyniosły,Fraxinus excelsior,D377188,94,8,2001,1,AAKG9OAAnAAHxCrAAZ,http://mapa.um.warszawa.pl/mvimages/san13/fig/752_fig_7405038_S1C_1_1.png,1,7513804.3562,5781913.7312
AAKG9OAAnAAHxCPAAc,20.06.2014,Zarząd Zieleni m.st. Warszawy,wiąz szypułkowy,Ulmus laevis ,D376623,126,13,2001,2,AAKG9OAAnAAHxCPAAc,http://mapa.um.warszawa.pl/mvimages/san13/fig/752_fig_7405038_S15_2_2.png,2,7513729.5136,5781935.6929
AAKG9OAAnAAHxCPAAb,20.06.2014,Zarząd Zieleni m.st. Warszawy,klon  sp.,Acer  sp.,D376622,68,11,2001,1,AAKG9OAAnAAHxCPAAb,http://mapa.um.warszawa.pl/mvimages/san13/fig/752_fig_7405038_S14_1_1.png,1,7513641.2231,5781942.7115
AAKG9OAAFAAENZ9AAZ,20.06.2014,Dzielnica Wawer,sosna pospolita,Pinus sylvestris,D376741,153,12,2001,2,AAKG9OAAFAAENZ9AAZ,http://mapa.um.warszawa.pl/mvimages/san13/fig/752_fig_7405038_S15_2_2.png,2,7513557.4773,5781980.9032
AAKG9OAAnAAHzFfAAe,20.06.2014,Zarząd Zieleni m.st. Warszawy,klon  sp.,Acer  sp.,D380276,148,11,2001,2,AAKG9OAAnAAHzFfAAe,http://mapa.um.warszawa.pl/mvimages/san13/fig/752_fig_7405038_S12_2_2.png,2,7513756.6554,5781989.2057
AAKG9OAAFAAENZ9AAY,20.06.2014,Dzielnica Wawer,robinia  sp.,Robinia  sp.,D376740,77,9,2001,1,AAKG9OAAFAAENZ9AAY,http://mapa.um.warszawa.pl/mvimages/san13/fig/752_fig_7405038_S1B_1_1.png,1,7513555.0299,5781990.759
AAKG9OAAFAAENZ9AAX,20.06.2014,Dzielnica Wawer,sosna pospolita,Pinus sylvestris,D376739,121,10,2001,2,AAKG9OAAFAAENZ9AAX,http://mapa.um.warszawa.pl/mvimages/san13/fig/752_fig_7405038_S11_2_2.png,2,7513546.3648,5782005.5095
AAKG9OAAnAAHzFVAAX,20.06.2014,Zarząd Zieleni m.st. Warszawy,klon jesionolistny,Acer negundo,D379569,57,9,2001,1,AAKG9OAAnAAHzFVAAX,http://mapa.um.warszawa.pl/mvimages/san13/fig/752_fig_7405038_S14_1_1.png,1,7513794.4607,5782011.7876
AAKG9OAAnAAHzFfAAf,20.06.2014,Zarząd Zieleni m.st. Warszawy,klon jawor,Acer pseudoplatanus,D380277,136,10,2001,2,AAKG9OAAnAAHzFfAAf,http://mapa.um.warszawa.pl/mvimages/san13/fig/752_fig_7405038_S12_2_2.png,2,7513741.045,5782013.8649
AAKG9OAAnAAHzFVAAZ,20.06.2014,Zarząd Zieleni m.st. Warszawy,klon jesionolistny,Acer negundo,D379571,96,13,2001,1,AAKG9OAAnAAHzFVAAZ,http://mapa.um.warszawa.pl/mvimages/san13/fig/752_fig_7405038_S1C_1_1.png,1,7513788.5406,5782019.3283
AAKG9OAAnAAHzFVAAY,20.06.2014,Zarząd Zieleni m.st. Warszawy,klon jesionolistny,Acer negundo,D379570,98,13,2001,1,AAKG9OAAnAAHzFVAAY,http://mapa.um.warszawa.pl/mvimages/san13/fig/752_fig_7405038_S1C_1_1.png,1,7513790.2604,5782019.8905
AAKG9OAAnAAHzFVAAa,20.06.2014,Zarząd Zieleni m.st. Warszawy,klon jesionolistny,Acer negundo,D379572,108,13,2001,2,AAKG9OAAnAAHzFVAAa,http://mapa.um.warszawa.pl/mvimages/san13/fig/752_fig_7405038_S15_2_2.png,2,7513787.5485,5782024.0908
AAKG9OAAFAAENZ9AAV,20.06.2014,Dzielnica Wawer,robinia  sp.,Robinia  sp.,D376737,"30, 19",6,2001,1,AAKG9OAAFAAENZ9AAV,http://mapa.um.warszawa.pl/mvimages/san13/fig/752_fig_7405038_S1B_1_1.png,1,7513548.6931,5782028.2636
AAKG9OAAnAAHzFVAAb,20.06.2014,Zarząd Zieleni m.st. Warszawy,klon jesionolistny,Acer negundo,D379573,82,12,2001,2,AAKG9OAAnAAHzFVAAb,http://mapa.um.warszawa.pl/mvimages/san13/fig/752_fig_7405038_S11_2_2.png,2,7513781.893,5782030.3415
AAKG9OAAnAAHzFfAAg,20.06.2014,Zarząd Zieleni m.st. Warszawy,topola osika,Populus tremula,D380278,186,14,2001,2,AAKG9OAAnAAHzFfAAg,http://mapa.um.warszawa.pl/mvimages/san13/fig/752_fig_7405038_S12_2_2.png,2,7513710.5649,5782039.6354
AAKG9OAAFAAENZ9AAa,20.06.2014,Dzielnica Wawer,robinia  sp.,Robinia  sp.,D376742,41,8,2001,1,AAKG9OAAFAAENZ9AAa,http://mapa.um.warszawa.pl/mvimages/san13/fig/752_fig_7405038_S1E_1_1.png,1,7513571.2357,5782040.0113
AAKG9OAAFAAENZ9AAb,20.06.2014,Dzielnica Wawer,robinia  sp.,Robinia  sp.,D376743,56,11,2001,1,AAKG9OAAFAAENZ9AAb,http://mapa.um.warszawa.pl/mvimages/san13/fig/752_fig_7405038_S1B_1_1.png,1,7513575.0722,5782043.054
AAKG9OAAFAAENZ9AAc,20.06.2014,Dzielnica Wawer,robinia  sp.,Robinia  sp.,D376744,58,11,2001,1,AAKG9OAAFAAENZ9AAc,http://mapa.um.warszawa.pl/mvimages/san13/fig/752_fig_7405038_S1F_1_1.png,1,7513577.1227,5782044.1123
AAKG9OAAnAAHzFVAAU,20.06.2014,Dzielnica Wawer,jesion wyniosły,Fraxinus excelsior,D379566,"65, 80",12,2001,2,AAKG9OAAnAAHzFVAAU,http://mapa.um.warszawa.pl/mvimages/san13/fig/752_fig_7405038_S15_2_2.png,2,7513862.862,5782044.1929
AAKG9OAAnAAHzFVAAV,20.06.2014,Dzielnica Wawer,topola czarna,Populus nigra,D379567,214,18,2001,2,AAKG9OAAnAAHzFVAAV,http://mapa.um.warszawa.pl/mvimages/san13/fig/752_fig_7405038_S12_2_2.png,2,7513894.645,5782054.3794
AAKG9OAAnAAHzFfAAj,20.06.2014,Zarząd Zieleni m.st. Warszawy,klon jesionolistny,Acer negundo,D380281,"5, 5, 5, 5, 5",9,2001,2,AAKG9OAAnAAHzFfAAj,http://mapa.um.warszawa.pl/mvimages/san13/fig/752_fig_7405038_S12_2_2.png,2,7513771.0869,5782083.988
AAKG9OAAnAAHzFfAAk,20.06.2014,Zarząd Zieleni m.st. Warszawy,robinia  sp.,Robinia  sp.,D380282,38,8,2001,1,AAKG9OAAnAAHzFfAAk,http://mapa.um.warszawa.pl/mvimages/san13/fig/752_fig_7405038_S14_1_1.png,1,7513758.2281,5782096.6351
AAKG9OAAFAAENyzAAN,20.06.2014,Dzielnica Wawer,klon  sp.,Acer  sp.,D388364,134,10,2001,2,AAKG9OAAFAAENyzAAN,http://mapa.um.warszawa.pl/mvimages/san13/fig/752_fig_7405038_S12_2_2.png,2,7513684.8842,5782105.792
AAKG9OAAnAAHzFfAAl,20.06.2014,Zarząd Zieleni m.st. Warszawy,robinia  sp.,Robinia  sp.,D380283,32,6,2001,1,AAKG9OAAnAAHzFfAAl,http://mapa.um.warszawa.pl/mvimages/san13/fig/752_fig_7405038_S14_1_1.png,1,7513746.3747,5782113.9917
AAKG9OAAnAAHzFfAAm,20.06.2014,Zarząd Zieleni m.st. Warszawy,robinia  sp.,Robinia  sp.,D380284,"55, 53, 64",8,2001,2,AAKG9OAAnAAHzFfAAm,http://mapa.um.warszawa.pl/mvimages/san13/fig/752_fig_7405038_S11_2_2.png,2,7513740.6057,5782133.6148
AAKG9OAAFAAENyzAAO,20.06.2014,Zarząd Zieleni m.st. Warszawy,sosna pospolita,Pinus sylvestris,D388365,"58, 116",12,2001,3,AAKG9OAAFAAENyzAAO,http://mapa.um.warszawa.pl/mvimages/san13/fig/752_fig_7405038_S1G_3_3.png,3,7513545.9667,5782449.6276
AAKG9OAAnAAHzFjAAH,20.06.2014,Zarząd Zieleni m.st. Warszawy,brzoza brodawkowata,Betula pendula,D380292,59,9,2001,1,AAKG9OAAnAAHzFjAAH,http://mapa.um.warszawa.pl/mvimages/san13/fig/752_fig_7405038_S14_1_1.png,1,7513547.4843,5782447.1512
AAKG9OAAnAAHzFjAAE,20.06.2014,Dzielnica Wawer,dąb szypułkowy,Quercus robur,D380289,"15, 29, 16, 6, 11",5,2001,1,AAKG9OAAnAAHzFjAAE,http://mapa.um.warszawa.pl/mvimages/san13/fig/752_fig_7405038_S1C_1_1.png,1,7513559.6571,5782386.3543
AAKG9OAAnAAHzFjAAD,20.06.2014,Dzielnica Wawer,sosna pospolita,Pinus sylvestris,D380288,115,7,2001,1,AAKG9OAAnAAHzFjAAD,http://mapa.um.warszawa.pl/mvimages/san13/fig/752_fig_7405038_S1C_1_1.png,1,7513564.089,5782379.8059
AAKG9OAAnAAHzFjAAF,20.06.2014,Zarząd Zieleni m.st. Warszawy,robinia  sp.,Robinia  sp.,D380290,"18, 11",5,2001,1,AAKG9OAAnAAHzFjAAF,http://mapa.um.warszawa.pl/mvimages/san13/fig/752_fig_7405038_S1B_1_1.png,1,7513575.466,5782403.4862
AAKG9OAAnAAHzFjAAC,20.06.2014,Dzielnica Wawer,czeremcha późna,Prunus serotina,D380287,"28, 9, 24, 11, 21",6,2001,1,AAKG9OAAnAAHzFjAAC,http://mapa.um.warszawa.pl/mvimages/san13/fig/752_fig_7405038_S1C_1_1.png,1,7513584.3297,5782345.6745
AAKG9OAAnAAHzFjAAG,20.06.2014,Dzielnica Wawer,robinia  sp.,Robinia  sp.,D380291,21,7,2001,1,AAKG9OAAnAAHzFjAAG,http://mapa.um.warszawa.pl/mvimages/san13/fig/752_fig_7405038_S1B_1_1.png,1,7513585.4541,5782408.1825
AAKG9OAAFAAENy3AAS,20.06.2014,Dzielnica Wawer,robinia  sp.,Robinia  sp.,D381920,71,9,2001,1,AAKG9OAAFAAENy3AAS,http://mapa.um.warszawa.pl/mvimages/san13/fig/752_fig_7405038_S14_1_1.png,1,7513589.9534,5782402.3322
AAKG9OAAFAAENy3AAT,20.06.2014,Dzielnica Wawer,robinia  sp.,Robinia  sp.,D381921,"22, 36, 33, 19",8,2001,1,AAKG9OAAFAAENy3AAT,http://mapa.um.warszawa.pl/mvimages/san13/fig/752_fig_7405038_S14_1_1.png,1,7513590.9589,5782402.8084
AAKG9OAAnAAHzFjAAB,20.06.2014,Dzielnica Wawer,klon jesionolistny,Acer negundo,D380286,"47, 24, 20, 44, 37",8,2001,2,AAKG9OAAnAAHzFjAAB,http://mapa.um.warszawa.pl/mvimages/san13/fig/752_fig_7405038_S11_2_2.png,2,7513597.691,5782332.3131
AAKG9OAAnAAHzFjAAA,20.06.2014,Dzielnica Wawer,sosna pospolita,Pinus sylvestris,D380285,110,8,2001,2,AAKG9OAAnAAHzFjAAA,http://mapa.um.warszawa.pl/mvimages/san13/fig/752_fig_7405038_S15_2_2.png,2,7513604.1071,5782315.512
AAKG9OAAFAAENy3AAV,20.06.2014,Dzielnica Wawer,dąb czerwony,Quercus rubra,D381923,"39, 32",8,2001,1,AAKG9OAAFAAENy3AAV,http://mapa.um.warszawa.pl/mvimages/san13/fig/752_fig_7405038_S1C_1_1.png,1,7513606.3576,5782412.8627
AAKG9OAAFAAENy3AAU,20.06.2014,Dzielnica Wawer,robinia  sp.,Robinia  sp.,D381922,90,13,2001,1,AAKG9OAAFAAENy3AAU,http://mapa.um.warszawa.pl/mvimages/san13/fig/752_fig_7405038_S1B_1_1.png,1,7513612.3372,5782416.408
AAKG9OAAFAAENy3AAW,20.06.2014,Dzielnica Wawer,sosna pospolita,Pinus sylvestris,D381924,119,17,2001,1,AAKG9OAAFAAENy3AAW,http://mapa.um.warszawa.pl/mvimages/san13/fig/752_fig_7405038_S14_1_1.png,1,7513616.9938,5782419.3715
AAKG9OAAFAAENy3AAX,20.06.2014,Dzielnica Wawer,sosna pospolita,Pinus sylvestris,D381925,114,17,2001,2,AAKG9OAAFAAENy3AAX,http://mapa.um.warszawa.pl/mvimages/san13/fig/752_fig_7405038_S11_2_2.png,2,7513618.1052,5782420.165
AAKG9OAAFAAENy3AAY,20.06.2014,Dzielnica Wawer,klon jesionolistny,Acer negundo,D381926,13,4,2001,1,AAKG9OAAFAAENy3AAY,http://mapa.um.warszawa.pl/mvimages/san13/fig/752_fig_7405038_S1F_1_1.png,1,7513632.3927,5782429.849
AAKG9OAAFAAENy3AAZ,20.06.2014,Dzielnica Wawer,klon  sp.,Acer  sp.,D381927,19,5,2001,1,AAKG9OAAFAAENy3AAZ,http://mapa.um.warszawa.pl/mvimages/san13/fig/752_fig_7405038_S1B_1_1.png,1,7513639.3778,5782433.8706
AAKG9OAAFAAENy3AAa,20.06.2014,Dzielnica Wawer,robinia  sp.,Robinia  sp.,D381928,17,4,2001,1,AAKG9OAAFAAENy3AAa,http://mapa.um.warszawa.pl/mvimages/san13/fig/752_fig_7405038_S1F_1_1.png,1,7513642.7643,5782436.2517
AAKG9OAAFAAENyUAAG,20.06.2014,Dzielnica Wawer,sosna pospolita,Pinus sylvestris,D381999,84,14,2001,1,AAKG9OAAFAAENyUAAG,http://mapa.um.warszawa.pl/mvimages/san13/fig/752_fig_7405038_S1C_1_1.png,1,7513673.8269,5782463.5945
AAKG9OAAFAAENyUAAF,20.06.2014,Dzielnica Wawer,dąb szypułkowy,Quercus robur,D381998,32,4,2001,1,AAKG9OAAFAAENyUAAF,http://mapa.um.warszawa.pl/mvimages/san13/fig/752_fig_7405038_S1F_1_1.png,1,7513678.2717,5782454.1092
AAKG9OAAFAAENyUAAH,20.06.2014,Dzielnica Wawer,sosna pospolita,Pinus sylvestris,D382000,92,16,2001,1,AAKG9OAAFAAENyUAAH,http://mapa.um.warszawa.pl/mvimages/san13/fig/752_fig_7405038_S1C_1_1.png,1,7513685.3362,5782471.3734
AAKG9OAAFAAENyUAAJ,20.06.2014,Dzielnica Wawer,jarząb pospolity ,Sorbus aucuparia,D382002,24,5,2001,1,AAKG9OAAFAAENyUAAJ,http://mapa.um.warszawa.pl/mvimages/san13/fig/752_fig_7405038_S1B_1_1.png,1,7513699.3062,5782468.4762
AAKG9OAAFAAENyUAAI,20.06.2014,Dzielnica Wawer,jarząb pospolity ,Sorbus aucuparia,D382001,24,5,2001,1,AAKG9OAAFAAENyUAAI,http://mapa.um.warszawa.pl/mvimages/san13/fig/752_fig_7405038_S1B_1_1.png,1,7513700.2587,5782467.9206
AAKG9OAAFAAENyUAAE,20.06.2014,Dzielnica Wawer,śliwa  sp.,Prunus  sp.(śliwa),D381997,13,3,2001,1,AAKG9OAAFAAENyUAAE,http://mapa.um.warszawa.pl/mvimages/san13/fig/752_fig_7405038_S1B_1_1.png,1,7513702.2034,5782467.5634
AAKG9OAAFAAENyUAAK,20.06.2014,Dzielnica Wawer,brzoza brodawkowata,Betula pendula,D382003,103,13,2001,1,AAKG9OAAFAAENyUAAK,http://mapa.um.warszawa.pl/mvimages/san13/fig/752_fig_7405038_S1C_1_1.png,1,7513712.3634,5782458.0383
AAKG9OAAFAAENyUAAN,20.06.2014,Dzielnica Wawer,sosna pospolita,Pinus sylvestris,D382006,11,2,2001,1,AAKG9OAAFAAENyUAAN,http://mapa.um.warszawa.pl/mvimages/san13/fig/752_fig_7405038_S1E_1_1.png,1,7513720.7375,5782465.7773
AAKG9OAAFAAENyUAAM,20.06.2014,Dzielnica Wawer,lipa szerokolistna,Tilia platyphyllos,D382005,"36, 38",6,2001,1,AAKG9OAAFAAENyUAAM,http://mapa.um.warszawa.pl/mvimages/san13/fig/752_fig_7405038_S1C_1_1.png,1,7513723.7934,5782459.0305
AAKG9OAAFAAENzfAAC,20.06.2014,Dzielnica Wawer,brzoza brodawkowata,Betula pendula,D382047,106,15,2001,2,AAKG9OAAFAAENzfAAC,http://mapa.um.warszawa.pl/mvimages/san13/fig/752_fig_7405038_S11_2_2.png,2,7513726.6028,5782434.1713
AAKG9OAAFAAENzfAAB,20.06.2014,Dzielnica Wawer,brzoza brodawkowata,Betula pendula,D382046,74,14,2001,1,AAKG9OAAFAAENzfAAB,http://mapa.um.warszawa.pl/mvimages/san13/fig/752_fig_7405038_S1B_1_1.png,1,7513730.2938,5782428.8464
AAKG9OAAFAAENzfAAA,20.06.2014,Dzielnica Wawer,sumak octowiec,Rhus typhina,D382045,64,5,2001,1,AAKG9OAAFAAENzfAAA,http://mapa.um.warszawa.pl/mvimages/san13/fig/752_fig_7405038_S14_1_1.png,1,7513731.405,5782427.5368
AAKG9OAAFAAENyUAAL,20.06.2014,Dzielnica Wawer,jarząb pospolity ,Sorbus aucuparia,D382004,39,6,2001,1,AAKG9OAAFAAENyUAAL,http://mapa.um.warszawa.pl/mvimages/san13/fig/752_fig_7405038_S1B_1_1.png,1,7513733.1597,5782444.7034
AAKG9OAAnAAHzF+AAD,20.06.2014,Dzielnica Wawer,brzoza brodawkowata,Betula pendula,D381216,125,20,2001,2,AAKG9OAAnAAHzF+AAD,http://mapa.um.warszawa.pl/mvimages/san13/fig/752_fig_7405038_S12_2_2.png,2,7513562.651,5782702.9378
AAKG9OAAnAAHxCfAAa,20.06.2014,Zarząd Zieleni m.st. Warszawy,lipa drobnolistna,Tilia cordata,D376643,37,6,2001,1,AAKG9OAAnAAHxCfAAa,http://mapa.um.warszawa.pl/mvimages/san13/fig/752_fig_7405038_S1F_1_1.png,1,7513164.408,5781994.0218
AAKG9OAAnAAHxCfAAV,20.06.2014,Zarząd Zieleni m.st. Warszawy,klon  sp.,Acer  sp.,D376638,72,8,2001,1,AAKG9OAAnAAHxCfAAV,http://mapa.um.warszawa.pl/mvimages/san13/fig/752_fig_7405038_S1B_1_1.png,1,7513174.5284,5781994.9478
AAKG9OAAnAAHxCaAAB,20.06.2014,Zarząd Zieleni m.st. Warszawy,lipa drobnolistna,Tilia cordata,D376484,55,7,2001,1,AAKG9OAAnAAHxCaAAB,http://mapa.um.warszawa.pl/mvimages/san13/fig/752_fig_7405038_S14_1_1.png,1,7513151.5228,5781995.1463
AAKG9OAAnAAHxCfAAX,20.06.2014,Zarząd Zieleni m.st. Warszawy,lipa drobnolistna,Tilia cordata,D376640,40,6,2001,1,AAKG9OAAnAAHxCfAAX,http://mapa.um.warszawa.pl/mvimages/san13/fig/752_fig_7405038_S1F_1_1.png,1,7513166.194,5781995.9401
AAKG9OAAnAAHxCfAAW,20.06.2014,Zarząd Zieleni m.st. Warszawy,klon  sp.,Acer  sp.,D376639,85,9,2001,1,AAKG9OAAnAAHxCfAAW,http://mapa.um.warszawa.pl/mvimages/san13/fig/752_fig_7405038_S14_1_1.png,1,7513170.8903,5781996.0062
AAKG9OAAnAAHxCaAAC,20.06.2014,Zarząd Zieleni m.st. Warszawy,lipa drobnolistna,Tilia cordata,D376485,"28, 21",6,2001,1,AAKG9OAAnAAHxCaAAC,http://mapa.um.warszawa.pl/mvimages/san13/fig/752_fig_7405038_S1B_1_1.png,1,7513144.6436,5781997.0646
AAKG9OAAnAAHxCaAAE,20.06.2014,Zarząd Zieleni m.st. Warszawy,lipa drobnolistna,Tilia cordata,D376487,54,7,2001,1,AAKG9OAAnAAHxCaAAE,http://mapa.um.warszawa.pl/mvimages/san13/fig/752_fig_7405038_S14_1_1.png,1,7513141.0717,5781997.5276
AAKG9OAAnAAHxCfAAb,20.06.2014,Zarząd Zieleni m.st. Warszawy,klon  sp.,Acer  sp.,D376644,55,5,2001,1,AAKG9OAAnAAHxCfAAb,http://mapa.um.warszawa.pl/mvimages/san13/fig/752_fig_7405038_S14_1_1.png,1,7513156.6161,5781998.2552
AAKG9OAAnAAHxCWAAo,20.06.2014,Zarząd Zieleni m.st. Warszawy,klon pospolity,Acer platanoides,D376482,99,10,2001,2,AAKG9OAAnAAHxCWAAo,http://mapa.um.warszawa.pl/mvimages/san13/fig/752_fig_7405038_S11_2_2.png,2,7513154.1025,5781998.3876
AAKG9OAAnAAHxCaAAA,20.06.2014,Zarząd Zieleni m.st. Warszawy,klon  sp.,Acer  sp.,D376483,110,10,2001,1,AAKG9OAAnAAHxCaAAA,http://mapa.um.warszawa.pl/mvimages/san13/fig/752_fig_7405038_S1C_1_1.png,1,7513150.0015,5781999.4457
AAKG9OAAnAAHxCaAAD,20.06.2014,Zarząd Zieleni m.st. Warszawy,sumak octowiec,Rhus typhina,D376486,"7, 5",2,2001,1,AAKG9OAAnAAHxCaAAD,http://mapa.um.warszawa.pl/mvimages/san13/fig/752_fig_7405038_S1E_1_1.png,1,7513143.9822,5782000.3057
AAKG9OAAnAAHxCaAAF,20.06.2014,Zarząd Zieleni m.st. Warszawy,lipa drobnolistna,Tilia cordata,D376488,56,9,2001,1,AAKG9OAAnAAHxCaAAF,http://mapa.um.warszawa.pl/mvimages/san13/fig/752_fig_7405038_S14_1_1.png,1,7513139.5503,5782000.438
AAKG9OAAFAAENZ9AAW,20.06.2014,Dzielnica Wawer,sosna pospolita,Pinus sylvestris,D376738,154,12,2001,2,AAKG9OAAFAAENZ9AAW,http://mapa.um.warszawa.pl/mvimages/san13/fig/752_fig_7405038_S11_2_2.png,2,7513540.9408,5782010.3382
AAKG9OAAFAAENZ9AAU,20.06.2014,Dzielnica Wawer,sosna pospolita,Pinus sylvestris,D376736,149,10,2001,2,AAKG9OAAFAAENZ9AAU,http://mapa.um.warszawa.pl/mvimages/san13/fig/752_fig_7405038_S11_2_2.png,2,7513529.6431,5782035.7382
AAKG9OAAFAAENZ9AAT,20.06.2014,Dzielnica Wawer,sosna pospolita,Pinus sylvestris,D376735,118,11,2001,1,AAKG9OAAFAAENZ9AAT,http://mapa.um.warszawa.pl/mvimages/san13/fig/752_fig_7405038_S1C_1_1.png,1,7513524.9467,5782044.0064
AAKG9OAAnAAHzF7AAH,20.06.2014,Dzielnica Wawer,sosna pospolita,Pinus sylvestris,D379814,109,12,2001,1,AAKG9OAAnAAHzF7AAH,http://mapa.um.warszawa.pl/mvimages/san13/fig/752_fig_7405038_S14_1_1.png,1,7513499.313,5782086.6295
AAKG9OAAnAAHzF7AAG,20.06.2014,Dzielnica Wawer,sosna pospolita,Pinus sylvestris,D379813,116,13,2001,1,AAKG9OAAnAAHzF7AAG,http://mapa.um.warszawa.pl/mvimages/san13/fig/752_fig_7405038_S1C_1_1.png,1,7513503.6787,5782094.0115
AAKG9OAAnAAHzF7AAF,20.06.2014,Dzielnica Wawer,śliwa  sp.,Prunus  sp.(śliwa),D379812,71,7,2001,2,AAKG9OAAnAAHzF7AAF,http://mapa.um.warszawa.pl/mvimages/san13/fig/752_fig_7405038_S11_2_2.png,2,7513488.915,5782096.1148
AAKG9OAAnAAHzF7AAE,20.06.2014,Dzielnica Wawer,sosna pospolita,Pinus sylvestris,D379811,"133, 137",12,2001,3,AAKG9OAAnAAHzF7AAE,http://mapa.um.warszawa.pl/mvimages/san13/fig/752_fig_7405038_S1G_3_3.png,3,7513483.5966,5782105.2429
AAKG9OAAnAAHzF7AAD,20.06.2014,Dzielnica Wawer,sosna pospolita,Pinus sylvestris,D379810,125,13,2001,1,AAKG9OAAnAAHzF7AAD,http://mapa.um.warszawa.pl/mvimages/san13/fig/752_fig_7405038_S14_1_1.png,1,7513465.2214,5782134.8499
AAKG9OAAnAAHzF7AAM,20.06.2014,Dzielnica Wawer,sosna pospolita,Pinus sylvestris,D379819,105,13,2001,2,AAKG9OAAnAAHzF7AAM,http://mapa.um.warszawa.pl/mvimages/san13/fig/752_fig_7405038_S11_2_2.png,2,7513432.0729,5782187.5676
AAKG9OAAnAAHzF7AAL,20.06.2014,Dzielnica Wawer,sosna pospolita,Pinus sylvestris,D379818,73,7,2001,1,AAKG9OAAnAAHzF7AAL,http://mapa.um.warszawa.pl/mvimages/san13/fig/752_fig_7405038_S1B_1_1.png,1,7513430.8029,5782189.6709
AAKG9OAAnAAHzF7AAK,20.06.2014,Dzielnica Wawer,sosna pospolita,Pinus sylvestris,D379817,104,13,2001,1,AAKG9OAAnAAHzF7AAK,http://mapa.um.warszawa.pl/mvimages/san13/fig/752_fig_7405038_S1B_1_1.png,1,7513430.1678,5782191.0203
AAKG9OAAnAAHzF7AAJ,20.06.2014,Dzielnica Wawer,brzoza brodawkowata,Betula pendula,D379816,65,14,2001,1,AAKG9OAAnAAHzF7AAJ,http://mapa.um.warszawa.pl/mvimages/san13/fig/752_fig_7405038_S14_1_1.png,1,7513424.691,5782199.1166
AAKG9OAAnAAHzF7AAI,20.06.2014,Dzielnica Wawer,sosna pospolita,Pinus sylvestris,D379815,129,14,2001,1,AAKG9OAAnAAHzF7AAI,http://mapa.um.warszawa.pl/mvimages/san13/fig/752_fig_7405038_S1C_1_1.png,1,7513423.8179,5782203.8394
AAKG9OAAnAAHzF7AAR,20.06.2014,Dzielnica Wawer,brzoza brodawkowata,Betula pendula,D379824,35,8,2001,1,AAKG9OAAnAAHzF7AAR,http://mapa.um.warszawa.pl/mvimages/san13/fig/752_fig_7405038_S14_1_1.png,1,7513409.1203,5782240.6166
AAKG9OAAnAAHzF7AAQ,20.06.2014,Dzielnica Wawer,sosna pospolita,Pinus sylvestris,D379823,88,14,2001,2,AAKG9OAAnAAHzF7AAQ,http://mapa.um.warszawa.pl/mvimages/san13/fig/752_fig_7405038_S11_2_2.png,2,7513397.9548,5782245.8024
AAKG9OAAnAAHzF7AAP,20.06.2014,Dzielnica Wawer,sosna pospolita,Pinus sylvestris,D379822,104,14,2001,2,AAKG9OAAnAAHzF7AAP,http://mapa.um.warszawa.pl/mvimages/san13/fig/752_fig_7405038_S11_2_2.png,2,7513394.0655,5782249.4801
AAKG9OAAnAAHzF7AAO,20.06.2014,Dzielnica Wawer,sosna pospolita,Pinus sylvestris,D379821,104,14,2001,2,AAKG9OAAnAAHzF7AAO,http://mapa.um.warszawa.pl/mvimages/san13/fig/752_fig_7405038_S11_2_2.png,2,7513388.8267,5782256.7034
AAKG9OAAnAAHzF7AAN,20.06.2014,Dzielnica Wawer,klon tatarski subsp. Ginnala,Acer tataricum subsp. Ginnala,D379820,"13, 14, 16, 12, 13",5,2001,1,AAKG9OAAnAAHzF7AAN,http://mapa.um.warszawa.pl/mvimages/san13/fig/752_fig_7405038_S1B_1_1.png,1,7513391.5785,5782281.0979
AAKG9OAAnAAHzFEAAC,20.06.2014,Dzielnica Wawer,sosna pospolita,Pinus sylvestris,D379830,84,14,2001,1,AAKG9OAAnAAHzFEAAC,http://mapa.um.warszawa.pl/mvimages/san13/fig/752_fig_7405038_S1B_1_1.png,1,7513415.8322,5782296.0631
AAKG9OAAnAAHzFEAAB,20.06.2014,Dzielnica Wawer,sosna pospolita,Pinus sylvestris,D379829,120,13,2001,2,AAKG9OAAnAAHzFEAAB,http://mapa.um.warszawa.pl/mvimages/san13/fig/752_fig_7405038_S11_2_2.png,2,7513423.8359,5782300.7264
AAKG9OAAnAAHzF7AAV,20.06.2014,Dzielnica Wawer,sosna pospolita,Pinus sylvestris,D379828,86,13,2001,1,AAKG9OAAnAAHzF7AAV,http://mapa.um.warszawa.pl/mvimages/san13/fig/752_fig_7405038_S1B_1_1.png,1,7513423.4722,5782301.0571
AAKG9OAAnAAHzF7AAU,20.06.2014,Dzielnica Wawer,brzoza brodawkowata,Betula pendula,D379827,"33, 44",7,2001,1,AAKG9OAAnAAHzF7AAU,http://mapa.um.warszawa.pl/mvimages/san13/fig/752_fig_7405038_S1B_1_1.png,1,7513434.0885,5782307.1425
AAKG9OAAnAAHzF7AAT,20.06.2014,Dzielnica Wawer,sumak octowiec,Rhus typhina,D379826,55,5,2001,1,AAKG9OAAnAAHzF7AAT,http://mapa.um.warszawa.pl/mvimages/san13/fig/752_fig_7405038_S1C_1_1.png,1,7513443.5804,5782313.0957
AAKG9OAAnAAHzF7AAS,20.06.2014,Dzielnica Wawer,sumak octowiec,Rhus typhina,D379825,"31, 22, 19, 36",5,2001,2,AAKG9OAAnAAHzF7AAS,http://mapa.um.warszawa.pl/mvimages/san13/fig/752_fig_7405038_S11_2_2.png,2,7513446.9538,5782315.2455
AAKG9OAAnAAHzFvAAI,20.06.2014,Dzielnica Wawer,sosna pospolita,Pinus sylvestris,D380309,53,7,2001,1,AAKG9OAAnAAHzFvAAI,http://mapa.um.warszawa.pl/mvimages/san13/fig/752_fig_7405038_S1C_1_1.png,1,7513484.6039,5782508.6357
AAKG9OAAFAAENZ9AAd,20.06.2014,Dzielnica Wawer,sosna pospolita,Pinus sylvestris,D376745,30,4,2001,1,AAKG9OAAFAAENZ9AAd,http://mapa.um.warszawa.pl/mvimages/san13/fig/752_fig_7405038_S1F_1_1.png,1,7513225.5432,5782544.0087
AAKG9OAAFAAENyzAAK,20.06.2014,Dzielnica Wawer,dąb czerwony,Quercus rubra,D388361,24,6,2001,1,AAKG9OAAFAAENyzAAK,http://mapa.um.warszawa.pl/mvimages/san13/fig/752_fig_7405038_S1B_1_1.png,1,7513205.2736,5782574.3676
AAKG9OAAFAAENZ9AAe,20.06.2014,Dzielnica Wawer,wierzba  sp.,Salix  sp.,D376746,8,2,2001,1,AAKG9OAAFAAENZ9AAe,http://mapa.um.warszawa.pl/mvimages/san13/fig/752_fig_7405038_S1E_1_1.png,1,7513281.071,5782574.7862
AAKG9OAAnAAHzFvAAE,20.06.2014,Zarząd Zieleni m.st. Warszawy,sosna pospolita,Pinus sylvestris,D380305,39,5,2001,1,AAKG9OAAnAAHzFvAAE,http://mapa.um.warszawa.pl/mvimages/san13/fig/752_fig_7405038_S14_1_1.png,1,7513427.565,5782603.6003
AAKG9OAAnAAHxCPAAQ,20.06.2014,Dzielnica Wawer,sosna pospolita,Pinus sylvestris,D376611,119,12,2001,1,AAKG9OAAnAAHxCPAAQ,http://mapa.um.warszawa.pl/mvimages/san13/fig/752_fig_7405038_S1C_1_1.png,1,7513176.6758,5782609.062
AAKG9OAAnAAHxCPAAP,20.06.2014,Dzielnica Wawer,lipa drobnolistna,Tilia cordata,D376610,87,12,2001,1,AAKG9OAAnAAHxCPAAP,http://mapa.um.warszawa.pl/mvimages/san13/fig/752_fig_7405038_S1B_1_1.png,1,7513208.8173,5782610.0144
AAKG9OAAnAAHxCPAAM,20.06.2014,Dzielnica Wawer,sosna pospolita,Pinus sylvestris,D376607,132,10,2001,2,AAKG9OAAnAAHxCPAAM,http://mapa.um.warszawa.pl/mvimages/san13/fig/752_fig_7405038_S11_2_2.png,2,7513241.3778,5782629.7436
AAKG9OAAnAAHxCPAAN,20.06.2014,Dzielnica Wawer,klon jesionolistny,Acer negundo,D376608,"23, 31, 36, 16",8,2001,1,AAKG9OAAnAAHxCPAAN,http://mapa.um.warszawa.pl/mvimages/san13/fig/752_fig_7405038_S14_1_1.png,1,7513253.9455,5782638.2103
AAKG9OAAnAAHxCPAAO,20.06.2014,Dzielnica Wawer,klon jesionolistny,Acer negundo,D376609,287,8,2001,2,AAKG9OAAnAAHxCPAAO,http://mapa.um.warszawa.pl/mvimages/san13/fig/752_fig_7405038_S11_2_2.png,2,7513258.5757,5782641.2531
AAKG9OAAnAAHxCPAAR,20.06.2014,Dzielnica Wawer,brzoza brodawkowata,Betula pendula,D376612,107,13,2001,2,AAKG9OAAnAAHxCPAAR,http://mapa.um.warszawa.pl/mvimages/san13/fig/752_fig_7405038_S11_2_2.png,2,7513150.1352,5782645.4529
AAKG9OAAnAAHxCPAAS,20.06.2014,Dzielnica Wawer,brzoza brodawkowata,Betula pendula,D376613,67,12,2001,1,AAKG9OAAnAAHxCPAAS,http://mapa.um.warszawa.pl/mvimages/san13/fig/752_fig_7405038_S1C_1_1.png,1,7513148.2699,5782648.5087
AAKG9OAAnAAHxCPAAK,20.06.2014,Dzielnica Wawer,sosna pospolita,Pinus sylvestris,D376605,151,12,2001,2,AAKG9OAAnAAHxCPAAK,http://mapa.um.warszawa.pl/mvimages/san13/fig/752_fig_7405038_S11_2_2.png,2,7513140.8345,5782665.7524
AAKG9OAAnAAHxC8AAg,20.06.2014,Dzielnica Wawer,sosna pospolita,Pinus sylvestris,D376318,80,12,2001,1,AAKG9OAAnAAHxC8AAg,http://mapa.um.warszawa.pl/mvimages/san13/fig/752_fig_7405038_S1C_1_1.png,1,7513134.6035,5782671.1103
AAKG9OAAnAAHxCPAAJ,20.06.2014,Dzielnica Wawer,sosna pospolita,Pinus sylvestris,D376604,79,12,2001,1,AAKG9OAAnAAHxCPAAJ,http://mapa.um.warszawa.pl/mvimages/san13/fig/752_fig_7405038_S1B_1_1.png,1,7513136.3101,5782672.9359
AAKG9OAAnAAHxC8AAf,20.06.2014,Dzielnica Wawer,sosna pospolita,Pinus sylvestris,D376317,152,13,2001,2,AAKG9OAAnAAHxC8AAf,http://mapa.um.warszawa.pl/mvimages/san13/fig/752_fig_7405038_S11_2_2.png,2,7513133.3731,5782673.0154
AAKG9OAAnAAHzFvAAF,20.06.2014,Dzielnica Wawer,sosna pospolita,Pinus sylvestris,D380306,89,11,2001,2,AAKG9OAAnAAHzFvAAF,http://mapa.um.warszawa.pl/mvimages/san13/fig/752_fig_7405038_S11_2_2.png,2,7513334.7469,5782674.3015
AAKG9OAAnAAHxC8AAe,20.06.2014,Dzielnica Wawer,sosna pospolita,Pinus sylvestris,D376316,121,13,2001,1,AAKG9OAAnAAHxC8AAe,http://mapa.um.warszawa.pl/mvimages/san13/fig/752_fig_7405038_S1C_1_1.png,1,7513126.3485,5782683.8501
AAKG9OAAnAAHxC8AAd,20.06.2014,Dzielnica Wawer,sosna pospolita,Pinus sylvestris,D376315,66,10,2001,1,AAKG9OAAnAAHxC8AAd,http://mapa.um.warszawa.pl/mvimages/san13/fig/752_fig_7405038_S1B_1_1.png,1,7513123.7291,5782693.0576
AAKG9OAAnAAHxC8AAc,20.06.2014,Dzielnica Wawer,sosna pospolita,Pinus sylvestris,D376314,120,13,2001,1,AAKG9OAAnAAHxC8AAc,http://mapa.um.warszawa.pl/mvimages/san13/fig/752_fig_7405038_S1B_1_1.png,1,7513120.0382,5782697.5422
AAKG9OAAnAAHzNbAAi,20.06.2014,Dzielnica Wawer,sosna pospolita,Pinus sylvestris,D388166,131,11,2001,1,AAKG9OAAnAAHzNbAAi,http://mapa.um.warszawa.pl/mvimages/san13/fig/752_fig_7405038_S1C_1_1.png,1,7513053.2331,5782697.7931
